225176.593750
224629.578125
224719.812500
224008.375000
223791.781250
222816.656250
222329.390625
221093.812500
220312.906250
218778.578125
217686.656250
215868.031250
214513.343750
212433.312500
210859.468750
208552.359375
206745.671875
204205.921875
202134.578125
199354.437500
197062.718750
194085.718750
191623.375000
188486.765625
185875.953125
182580.531250
179794.000000
176327.984375
173393.218750
169796.421875
166755.796875
163087.281250
159980.812500
156241.390625
153054.484375
149236.312500
145974.578125
142097.234375
138813.953125
134933.593750
131669.484375
127813.804688
124561.945312
120712.984375
117474.390625
113641.078125
110439.789062
106673.304688
103557.500000
99898.257812
96880.960938
93308.671875
90375.867188
86876.398438
84042.687500
80664.632812
77968.898438
74745.179688
72220.859375
69151.507812
66755.640625
63827.082031
61559.679688
58775.378906
56691.925781
54097.542969
52218.625000
49812.257812
48107.332031
45871.316406
44315.773438
42241.566406
40872.156250
39007.824219
37846.183594
36187.195312
35230.464844
33750.718750
32950.085938
31629.189453
31001.384766
29873.925781
29441.849609
28521.593750
28284.927734
27545.613281
27470.710938
26863.751953
26930.521484
26484.025391
26726.320312
26460.119141
26870.097656
26764.466797
27316.529297
27324.052734
27984.078125
28106.820312
28887.291016
29132.826172
30061.453125
30442.066406
31483.876953
31941.341797
33043.500000
33569.953125
34733.414062
35346.777344
36598.328125
37290.742188
38627.917969
39368.218750
40710.886719
41473.238281
42828.835938
43602.164062
44997.097656
45799.753906
47231.300781
48051.441406
49458.929688
50236.921875
51614.531250
52347.855469
53699.601562
54422.687500
55759.128906
56469.953125
57747.148438
58380.292969
59574.812500
60125.992188
61239.136719
61730.917969
62798.421875
63237.890625
64228.750000
64565.230469
65450.656250
65667.195312
66435.812500
66562.710938
67244.445312
67298.218750
67891.812500
67832.062500
68314.039062
68114.992188
68456.117188
68136.453125
68384.218750
67977.960938
68130.984375
67626.875000
67667.078125
67034.304688
66926.695312
66165.289062
65957.812500
65112.015625
64825.429688
63884.468750
63513.253906
62462.050781
61966.109375
60795.882812
60193.441406
58950.480469
58282.937500
56984.906250
56254.183594
54887.281250
54056.644531
52595.542969
51686.355469
50155.234375
49209.667969
47649.460938
46683.167969
45091.656250
44074.894531
42418.265625
41346.871094
39650.945312
38560.050781
36872.691406
35793.210938
34117.519531
33029.203125
31333.583984
30220.134766
28510.675781
27412.867188
25719.125000
24668.130859
23027.208984
22010.542969
20403.253906
19386.871094
17792.363281
16805.626953
15255.330078
14333.152344
12868.195312
12023.993164
10609.805664
9819.211914
8436.918945
7676.167969
6367.345703
5686.672363
4468.470215
3894.553467
2763.504639
2263.421143
1192.230835
742.469055
-259.568420
-622.122559
-1528.076416
-1771.599121
-2574.616455
-2731.162354
-3443.291748
-3536.682373
-4192.725098
-4202.752930
-4761.369629
-4659.435547
-5096.589355
-4896.069336
-5243.340820
-4971.761719
-5258.974121
-4920.673340
-5116.086426
-4686.043457
-4766.304688
-4221.746582
-4219.008789
-3602.055908
-3546.260986
-2870.685791
-2750.799316
-2003.780518
-1778.984863
-929.563171
-626.293701
300.417938
651.926453
1618.786133
2008.378662
3030.416748
3494.255859
4591.999023
5138.055664
6307.054688
6891.830566
8077.063965
8677.434570
9893.562500
10546.583008
11814.622070
12517.766602
13841.790039
14584.217773
15918.788086
16662.058594
17999.826172
18749.996094
20121.675781
20901.068359
22309.208984
23121.867188
24528.156250
25326.710938
26702.335938
27484.199219
28863.970703
29648.037109
31045.753906
31846.730469
33240.324219
34011.273438
35365.421875
36091.722656
37410.433594
38122.578125
39427.257812
40142.109375
41428.410156
42110.089844
43345.097656
43964.585938
45129.964844
45705.109375
46838.242188
47394.500000
48507.093750
49015.449219
50072.378906
50508.769531
51475.445312
51841.144531
52760.558594
53085.128906
53967.117188
54247.875000
55074.937500
55274.390625
56016.335938
56125.957031
56794.746094
56843.820312
57473.367188
57480.835938
58065.078125
57997.308594
58480.468750
58331.078125
58725.968750
58515.609375
58866.367188
58617.871094
58926.066406
58619.519531
58854.937500
58458.722656
58616.562500
58142.898438
58259.386719
57756.699219
57838.781250
57304.371094
57328.664062
56729.136719
56679.945312
56022.222656
55929.511719
55248.707031
55143.660156
54454.628906
54329.738281
53594.816406
53424.632812
52640.906250
52438.000000
51644.277344
51448.734375
50667.042969
50475.562500
49694.550781
49485.203125
48682.835938
48447.464844
47652.648438
47446.886719
46684.152344
46524.195312
45790.339844
45649.824219
44925.066406
44784.531250
44081.742188
43982.937500
43341.867188
43311.710938
42738.898438
42763.093750
42229.476562
42284.992188
41785.644531
41903.457031
41479.039062
41688.398438
41363.320312
41659.812500
41410.269531
41761.218750
41564.027344
41987.882812
41876.445312
42409.382812
42419.761719
43061.312500
43166.003906
43893.906250
44068.519531
44881.257812
45145.449219
46059.625000
46457.464844
47492.550781
48014.253906
49151.777344
49750.304688
50971.710938
51663.472656
52977.687500
53787.761719
55238.101562
56169.324219
57729.351562
58753.945312
60387.039062
61486.640625
63203.601562
64407.550781
66241.421875
67559.281250
69499.203125
70908.937500
72911.765625
74373.578125
76445.765625
77980.296875
80137.609375
81768.421875
84012.140625
85723.609375
88019.570312
89773.500000
92086.156250
93881.304688
96248.343750
98090.851562
100528.726562
102422.734375
104892.125000
106798.812500
109266.625000
111158.179688
113636.867188
115544.406250
118044.539062
119972.718750
122473.460938
124385.601562
126854.023438
128718.617188
131133.328125
132967.468750
135364.109375
137179.390625
139542.234375
141310.296875
143604.265625
145282.312500
147480.734375
149081.734375
151203.734375
152736.640625
154807.328125
156254.203125
158228.109375
159556.578125
161390.671875
162589.406250
164304.109375
165404.453125
167015.359375
168004.640625
169495.687500
170340.046875
171661.812500
172344.625000
173510.984375
174053.937500
175086.437500
175488.593750
176384.703125
176635.234375
177346.953125
177414.421875
177944.500000
177831.546875
178210.359375
177950.250000
178181.656250
177768.625000
177825.437500
177217.546875
177071.609375
176285.093750
175973.390625
175043.640625
174584.500000
173514.875000
172896.265625
171638.687500
170848.953125
169407.921875
168457.687500
166868.703125
165797.578125
164090.562500
162896.328125
161045.640625
159694.593750
157697.937500
156192.390625
154080.812500
152476.843750
150274.406250
148591.234375
146294.203125
144507.468750
142098.062500
140203.953125
137698.765625
135746.546875
133195.890625
131205.000000
128621.703125
126574.953125
123937.250000
121822.703125
119145.429688
117000.851562
114312.156250
112182.796875
109520.164062
107391.343750
104722.039062
102594.460938
99914.226562
97794.093750
95150.898438
93087.398438
90503.257812
88505.554688
85979.234375
84010.937500
81514.195312
79601.585938
77167.625000
75332.976562
72995.742188
71263.765625
69029.000000
67378.398438
65203.910156
63628.234375
61547.390625
60060.269531
58098.296875
56742.117188
54907.585938
53663.953125
51915.816406
50763.265625
49108.734375
48062.238281
46528.976562
45616.085938
44220.933594
43439.308594
42154.980469
41464.929688
40274.105469
39676.730469
38600.480469
38135.121094
37188.675781
36852.835938
36021.648438
35776.136719
35027.792969
34861.867188
34208.785156
34147.500000
33609.562500
33663.023438
33235.843750
33371.679688
33013.296875
33213.484375
32909.425781
33186.093750
32965.996094
33343.179688
33208.718750
33658.492188
33584.289062
34063.667969
34020.992188
34537.593750
34544.714844
35122.812500
35197.324219
35831.296875
35938.320312
36587.199219
36701.636719
37353.714844
37477.074219
38159.542969
38322.527344
39030.429688
39206.222656
39914.117188
40071.546875
40753.523438
40892.941406
41556.761719
41698.308594
42374.300781
42514.839844
43174.437500
43278.953125
43887.621094
43939.277344
44505.714844
44529.714844
45090.503906
45092.421875
45615.140625
45577.750000
46040.769531
45928.449219
46332.613281
46172.535156
46526.765625
46343.011719
46661.320312
46431.230469
46691.078125
46379.042969
46559.550781
46173.863281
46305.792969
45891.617188
45979.203125
45521.988281
45562.292969
45030.988281
44985.863281
44388.328125
44286.351562
43638.957031
43507.015625
42832.332031
42654.136719
41922.878906
41680.457031
40877.167969
40572.710938
39735.550781
39407.289062
38550.980469
38202.570312
37306.164062
36911.738281
35959.730469
35513.781250
34525.996094
34067.351562
33069.882812
32620.105469
31611.648438
31135.888672
30099.267578
29577.794922
28518.435547
27990.687500
26949.115234
26435.714844
25409.365234
24898.337891
23865.007812
23339.033203
22291.812500
21771.689453
20736.681641
20254.509766
19264.603516
18810.867188
17843.136719
17395.083984
16426.345703
15993.101562
15052.191406
14663.595703
13774.542969
13439.229492
12597.796875
12292.737305
11467.595703
11183.540039
10388.242188
10150.452148
9426.858398
9251.872070
8592.443359
8471.325195
7844.413574
7744.875000
7150.663574
7098.833984
6575.122070
6594.733887
6140.801758
6222.965820
5820.275879
5939.430176
5560.812500
5717.052734
5401.713379
5622.283691
5376.730469
5674.697754
5490.996094
5823.597656
5661.681641
6029.637695
5910.651855
6339.005859
6281.648438
6778.444336
6786.591309
7317.332031
7352.334961
7901.300293
7961.397461
8554.148438
8668.438477
9316.642578
9486.731445
10178.220703
10364.910156
11062.732422
11262.084961
11978.442383
12208.389648
12968.381836
13250.436523
14040.645508
14337.301758
15125.600586
15415.541992
16208.092773
16504.773438
17319.517578
17644.414062
18486.894531
18828.244141
19664.166016
19982.748047
20796.798828
21109.134766
21925.671875
22253.849609
23080.623047
23420.765625
24238.556641
24554.359375
25341.804688
25630.207031
26405.238281
26685.531250
27469.730469
27745.494141
28531.419922
28785.826172
29526.835938
29749.009766
30456.265625
30659.886719
31361.394531
31574.759766
32269.089844
32461.396484
33123.394531
33274.207031
33899.097656
34008.699219
34627.957031
34735.644531
35349.667969
35444.082031
36038.238281
36098.890625
36640.589844
36665.496094
37188.960938
37212.761719
37727.527344
37748.617188
38253.441406
38250.457031
38714.464844
38674.925781
39111.460938
39054.738281
39491.511719
39442.929688
39877.667969
39817.585938
40224.726562
40124.316406
40503.550781
40390.875000
40768.738281
40663.867188
41051.609375
40951.968750
41324.484375
41193.410156
41541.289062
41400.460938
41737.781250
41609.093750
41971.273438
41855.972656
42220.523438
42086.121094
42431.437500
42285.730469
42634.109375
42495.445312
42869.222656
42762.628906
43149.113281
43046.199219
43419.816406
43314.156250
43689.578125
43592.824219
43996.093750
43937.128906
44373.832031
44332.824219
44776.320312
44731.976562
45171.820312
45148.554688
45613.812500
45626.644531
46142.464844
46188.246094
46726.988281
46781.531250
47319.589844
47393.972656
47953.312500
48067.863281
48677.980469
48842.742188
49484.500000
49670.230469
50327.082031
50514.492188
51190.550781
51425.515625
52153.835938
52431.105469
53202.132812
53518.621094
54304.441406
54626.089844
55431.980469
55777.343750
56625.976562
57023.414062
57924.089844
58359.687500
59279.644531
59725.273438
60649.992188
61115.625000
62070.136719
62576.691406
63578.644531
64130.605469
65153.406250
65712.000000
66742.765625
67305.000000
68347.320312
68936.906250
70015.070312
70646.515625
71749.468750
72387.898438
73488.515625
74121.062500
75216.484375
75864.085938
76982.945312
77657.085938
78796.585938
79478.296875
80615.601562
81278.664062
82399.203125
83057.476562
84178.390625
84849.695312
85994.812500
86670.453125
87801.906250
88460.953125
89558.234375
90197.101562
91284.562500
91920.601562
93014.507812
93649.218750
94741.375000
95349.257812
96400.304688
96976.742188
97990.867188
98552.203125
99559.773438
100118.023438
101114.296875
101644.796875
102602.070312
103089.273438
103998.835938
104449.179688
105337.117188
105772.953125
106649.289062
107057.867188
107892.476562
108244.109375
109025.820312
109323.718750
110070.570312
110347.195312
111067.359375
111317.640625
111997.445312
112191.570312
112804.984375
112933.734375
113497.937500
113585.710938
114122.687500
114179.882812
114671.429688
114670.492188
115091.976562
115025.640625
115377.296875
115251.875000
115560.398438
115402.250000
115665.812500
115458.757812
115648.882812
115362.312500
115478.070312
115120.476562
115181.757812
114780.796875
114795.343750
114344.070312
114288.835938
113757.000000
113626.148438
113013.335938
112812.664062
112151.445312
111909.828125
111191.179688
110893.578125
110108.085938
109726.132812
108853.445312
108398.703125
107473.570312
106969.765625
106004.390625
105458.593750
104435.625000
103807.234375
102714.429688
102019.398438
100865.742188
100122.070312
98938.125000
98162.859375
96933.640625
96107.343750
94817.132812
93931.117188
92584.226562
91659.531250
90291.867188
89354.468750
87963.382812
86997.023438
85568.984375
84555.156250
83090.867188
82045.859375
80566.484375
79522.226562
78050.015625
77006.664062
75518.929688
74452.078125
72944.343750
71859.859375
70351.859375
69289.976562
67802.710938
66755.945312
65291.945312
64255.316406
62786.933594
61746.304688
60293.273438
59283.707031
57863.679688
56897.121094
55524.699219
54592.640625
53232.519531
52314.289062
50979.609375
50094.425781
48811.574219
47978.460938
46763.296875
45985.128906
44803.804688
44056.984375
42903.632812
42196.765625
41090.847656
40448.835938
39420.054688
38837.984375
37861.101562
37324.238281
36375.046875
35868.589844
34976.640625
34537.539062
33708.136719
33342.792969
32571.662109
32253.125000
31524.099609
31236.078125
30544.916016
30305.312500
29683.234375
29508.757812
28949.142578
28822.015625
28297.945312
28206.773438
27704.300781
27650.044922
27201.738281
27206.613281
26818.054688
26867.632812
26517.923828
26585.994141
26251.697266
26343.531250
26044.476562
26179.623047
25927.230469
26105.744141
25881.679688
26074.542969
25866.634766
26066.480469
25863.998047
26090.976562
25926.849609
26186.921875
26048.330078
26320.964844
26187.888672
26449.044922
26313.234375
26578.156250
26459.222656
26751.281250
26650.134766
26951.203125
26840.347656
27131.796875
26992.509766
27273.330078
27139.378906
27422.269531
27300.494141
27588.998047
27463.068359
27723.564453
27569.681641
27801.619141
27632.654297
27854.646484
27684.755859
27913.390625
27731.460938
27929.859375
27718.455078
27881.671875
27633.103516
27780.248047
27523.009766
27659.675781
27389.869141
27509.261719
27209.908203
27283.339844
26945.326172
26989.066406
26629.634766
26662.500000
26299.359375
26317.701172
25921.880859
25903.546875
25470.312500
25410.382812
24955.173828
24884.492188
24420.123047
24341.380859
23853.384766
23750.503906
23229.972656
23090.251953
22546.007812
22389.503906
21839.466797
21684.373047
21132.013672
20957.009766
20382.398438
20182.242188
19578.613281
19367.167969
18766.646484
18560.380859
17969.085938
17762.312500
17163.072266
16937.910156
16322.564453
16089.909180
15470.155273
15258.355469
14661.331055
14459.265625
13873.861328
13669.730469
13075.794922
12864.403320
12281.367188
12088.200195
11532.147461
11367.441406
10834.841797
10690.351562
10158.280273
10014.295898
9493.569336
9367.962891
8881.887695
8794.133789
8350.687500
8288.674805
7862.585449
7811.485840
7391.871094
7367.654785
6980.634277
7003.497559
6659.708008
6720.372070
6412.214355
6487.428223
6187.703613
6283.464355
6016.532227
6154.740234
5937.452637
6120.770996
5943.688477
6152.645996
5991.528809
6222.251465
6083.685059
6346.034668
6255.768555
6567.627441
6522.960449
6860.703125
6842.700195
7193.164551
7189.216797
7567.298340
7603.281250
8022.350098
8098.568359
8560.716797
8650.389648
9123.921875
9230.046875
9711.594727
9844.961914
10360.363281
10531.322266
11077.090820
11270.278320
11830.990234
12019.880859
12580.554688
12784.832031
13366.954102
13591.714844
14200.871094
14452.626953
15058.564453
15308.598633
15904.421875
16148.411133
16748.273438
17004.677734
17626.853516
17895.322266
18519.960938
18775.544922
19381.011719
19616.064453
20214.265625
20449.298828
21045.886719
21287.779297
21884.560547
22112.917969
22681.644531
22879.898438
23426.712891
23612.279297
24144.572266
24327.818359
24862.533203
25027.964844
25538.232422
25668.683594
26145.455078
26243.033203
26702.175781
26796.982422
27247.275391
27329.548828
27754.617188
27806.792969
28191.474609
28210.878906
28567.013672
28579.437500
28928.166016
28926.611328
29260.388672
29233.726562
29535.701172
29471.810547
29748.154297
29662.794922
29932.035156
29843.142578
30106.402344
30009.207031
30240.220703
30117.091797
30323.626953
30184.234375
30377.226562
30240.621094
30441.587891
30303.929688
30498.201172
30340.453125
30515.085938
30340.630859
30514.318359
30347.189453
30533.826172
30380.873047
30570.757812
30415.636719
30599.130859
30437.394531
30620.320312
30471.968750
30677.517578
30555.878906
30784.353516
30674.914062
30903.998047
30800.318359
31037.501953
30948.083984
31219.072266
31160.431641
31461.386719
31434.818359
31758.083984
31741.845703
32077.632812
32083.654297
32447.681641
32494.212891
32902.199219
32990.296875
33430.535156
33545.746094
34000.957031
34134.511719
34624.683594
34800.453125
35337.640625
35560.066406
36138.484375
36392.343750
36992.101562
37270.914062
37896.828125
38212.066406
38879.867188
39246.082031
39960.472656
40363.679688
41100.308594
41527.714844
42284.453125
42736.531250
43534.007812
44026.566406
44868.929688
45396.886719
46262.671875
46808.773438
47686.816406
48248.203125
49144.304688
49737.160156
50670.695312
51299.230469
52254.203125
52888.476562
53850.082031
54483.398438
55449.039062
56096.296875
57090.382812
57760.773438
58762.101562
59442.992188
60434.136719
61103.800781
62080.921875
62744.031250
63726.097656
64392.894531
65379.207031
66041.250000
67018.984375
67652.007812
68596.390625
69207.453125
70135.257812
70738.726562
71653.414062
72243.773438
73133.953125
73688.695312
74535.726562
75046.007812
75860.718750
76343.117188
77128.812500
77585.398438
78339.304688
78755.492188
79454.062500
79813.625000
80459.914062
80772.656250
81379.898438
81656.656250
82223.929688
82455.437500
82959.781250
83122.187500
83562.531250
83663.492188
84055.273438
84110.843750
84452.968750
84458.460938
84740.796875
84676.234375
84885.375000
84749.015625
84896.179688
84710.390625
84809.093750
84571.890625
84606.250000
84303.398438
84268.273438
83887.828125
83785.382812
83351.000000
83195.351562
82713.320312
82507.726562
81965.687500
81694.335938
81081.867188
80743.375000
80072.164062
79685.937500
78973.328125
78545.820312
77788.773438
77303.515625
76488.843750
75941.460938
75071.976562
74486.601562
73580.492188
72966.710938
72033.453125
71377.085938
70402.328125
69694.523438
68671.656250
67931.210938
66885.820312
66132.906250
65071.402344
64293.492188
63206.824219
62406.570312
61287.273438
60458.898438
59327.652344
58492.371094
57364.144531
56534.152344
55399.894531
54555.554688
53406.160156
52544.867188
51397.441406
50544.687500
49409.800781
48577.839844
47455.265625
46633.574219
45519.746094
44695.121094
43587.542969
42784.027344
41701.578125
40927.457031
39879.429688
39133.796875
38104.949219
37371.445312
36362.675781
35654.906250
34674.527344
34010.441406
33074.035156
32447.320312
31551.919922
30950.769531
30082.029297
29507.798828
28676.640625
28146.173828
27364.462891
26883.714844
26150.685547
25710.792969
25002.718750
24595.636719
23923.771484
23558.085938
22938.935547
22621.587891
22057.851562
21788.324219
21255.146484
21014.546875
20517.328125
20314.886719
19862.673828
19711.818359
19310.103516
19208.917969
18842.863281
18768.519531
18432.845703
18386.529297
18084.910156
18083.732422
17830.455078
17872.416016
17652.375000
17723.697266
17523.253906
17614.707031
17439.490234
17562.970703
17428.548828
17589.041016
17485.427734
17670.478516
17582.089844
17775.904297
17701.128906
17908.246094
17861.927734
18098.894531
18077.453125
18329.419922
18316.728516
18571.335938
18555.142578
18812.308594
18807.150391
19075.048828
19087.437500
19367.562500
19380.562500
19654.427734
19652.451172
19913.275391
19908.597656
20170.521484
20166.126953
20428.685547
20421.779297
20673.710938
20644.589844
20871.197266
20822.681641
21034.923828
20978.291016
21183.908203
21122.242188
21309.455078
21216.199219
21372.941406
21256.361328
21384.541016
21246.929688
21368.240234
21214.683594
21315.869141
21139.855469
21202.076172
20990.246094
21022.878906
20782.675781
20794.412109
20543.804688
20537.587891
20265.621094
20228.998047
19916.548828
19846.478516
19503.316406
19416.654297
19057.582031
18952.808594
18579.373047
18451.357422
18044.937500
17883.925781
17451.990234
17267.728516
16825.019531
16630.185547
16177.727539
15969.806641
15499.962891
15267.007812
14771.057617
14521.552734
14017.262695
13763.090820
13259.437500
13001.554688
12488.225586
12218.422852
11686.760742
11405.287109
10869.114258
10586.895508
10057.660156
9783.249023
9261.844727
8984.270508
8460.364258
8176.272949
7649.717773
7370.982910
6861.956543
6601.902344
6107.039551
5856.774902
5369.001465
5126.219727
4639.782715
4406.593262
3941.595459
3731.533691
3293.891357
3106.837646
2688.730225
2512.730225
2104.119873
1945.005493
1559.180908
1429.037598
1076.494751
976.426208
649.802673
577.677246
267.312805
210.961517
-75.692604
-103.985664
-348.566864
-337.607452
-547.125061
-504.530945
-690.414917
-629.775696
-791.193176
-695.034119
-823.923157
-690.430298
-772.678833
-604.189209
-657.913635
-467.793579
-499.591095
-280.866119
-277.238922
-21.468321
21.314030
316.041321
391.067627
706.661865
805.911865
1143.450073
1264.701172
1634.769043
1796.369629
2201.077637
2387.454590
2819.422607
3024.097900
3465.015137
3688.330811
4150.063965
4400.627930
4893.337402
5170.184082
5680.421875
5971.423340
6486.448730
6781.509277
7307.075684
7615.248047
8161.931152
8486.492188
9045.810547
9376.514648
9933.905273
10256.649414
10806.706055
11134.565430
11691.271484
12022.799805
12581.408203
12915.339844
13461.804688
13775.034180
14303.613281
14604.354492
15122.538086
15415.239258
15927.631836
16208.993164
16702.343750
16961.900391
17427.041016
17655.957031
18095.826172
18308.916016
18733.162109
18925.701172
19326.789062
19491.615234
19855.089844
19978.097656
20308.660156
20407.681641
20710.023438
20787.460938
21062.000000
21108.648438
21347.273438
21349.273438
21550.841797
21517.583984
21689.714844
21630.738281
21778.988281
21693.119141
21801.605469
21678.333984
21747.644531
21586.449219
21625.152344
21439.193359
21460.009766
21253.222656
21244.865234
21007.283203
20967.339844
20694.183594
20623.837891
20336.673828
20250.605469
19949.576172
19853.892578
19529.355469
19408.607422
19062.800781
18920.748047
18562.996094
18416.433594
18058.322266
17909.958984
17551.380859
17392.195312
17024.388672
16857.162109
16484.472656
16324.061523
15963.414062
15816.116211
15468.264648
15333.390625
14987.325195
14858.293945
14523.676758
14406.760742
14094.505859
14005.651367
13723.690430
13659.183594
13402.769531
13356.557617
13121.906250
13100.796875
12896.937500
12913.474609
12754.526367
12815.573242
12689.931641
12783.623047
12692.118164
12820.087891
12766.240234
12940.600586
12939.139648
13163.410156
13210.449219
13479.744141
13568.286133
13874.355469
14005.999023
14360.011719
14545.972656
14956.194336
15194.038086
15657.849609
15943.280273
16445.359375
16768.998047
17320.298828
17694.265625
18296.025391
18726.644531
19379.326172
19853.166016
20542.957031
21053.724609
21779.658203
22332.824219
23101.777344
23701.912109
24515.347656
25152.304688
25997.435547
26663.804688
27529.972656
28224.943359
29121.140625
29845.437500
30774.820312
31523.222656
32471.712891
33235.476562
34194.828125
34966.886719
35929.398438
36714.355469
37694.820312
38488.453125
39472.398438
40263.796875
41240.867188
42013.523438
42976.726562
43742.132812
44693.933594
45450.867188
46386.589844
47125.796875
48031.824219
48737.214844
49603.023438
50272.179688
51107.570312
51749.027344
52551.640625
53150.160156
53912.585938
54455.117188
55158.250000
55646.535156
56297.292969
56735.890625
57333.875000
57721.558594
58259.046875
58583.066406
59051.058594
59300.035156
59696.660156
59880.625000
60214.933594
60332.328125
60599.910156
60649.308594
60838.285156
60804.351562
60914.910156
60805.800781
60846.410156
60670.597656
60638.960938
60393.765625
60286.488281
59959.480469
59772.062500
59370.207031
59110.785156
58645.355469
58320.363281
57793.058594
57401.757812
56803.386719
56341.261719
55674.886719
55148.941406
54424.371094
53850.531250
53078.914062
52452.687500
51628.902344
50947.730469
50070.734375
49343.105469
48423.726562
47663.789062
46715.320312
45922.988281
44944.222656
44121.437500
43106.367188
42255.765625
41219.453125
40349.417969
39305.484375
38430.855469
37379.789062
36496.984375
35433.796875
34538.574219
33474.832031
32582.279297
31527.632812
30649.925781
29610.314453
28746.322266
27717.539062
26866.767578
25853.634766
25020.443359
24032.742188
23231.763672
22277.326172
21508.490234
20585.369141
19843.171875
18947.501953
18238.500000
17381.486328
16711.343750
15900.695312
15278.637695
14513.543945
13933.596680
13208.093750
12663.767578
11981.691406
11485.668945
10855.807617
10413.031250
9835.856445
9443.579102
8912.235352
8559.472656
8071.903320
7769.086426
7330.373535
7082.146484
6700.076660
6504.007812
6165.666992
6010.721680
5715.777832
5601.028809
5355.559570
5287.937988
5090.975098
5071.896973
4920.194336
4938.368164
4821.980957
4876.806152
4793.782227
4892.444336
4847.799316
4986.114258
4982.877930
5150.003418
5173.750488
5365.781250
5416.090820
5633.400391
5713.006836
5962.815430
6071.690430
6341.576660
6468.309082
6755.472168
6891.352539
7189.489746
7342.590332
7657.894531
7832.054199
8158.105957
8340.275391
8668.887695
8851.010742
9179.707031
9362.486328
9697.136719
9882.594727
10223.602539
10405.934570
10740.018555
10913.899414
11232.419922
11397.416992
11706.603516
11864.928711
12165.024414
12316.756836
12602.335938
12734.441406
13000.193359
13107.738281
13352.208984
13443.373047
13674.693359
13749.402344
13961.395508
14012.340820
14194.331055
14215.500000
14369.990234
14366.408203
14498.253906
14474.202148
14587.034180
14536.981445
14618.811523
14537.477539
14583.869141
14476.582031
14495.506836
14365.601562
14364.088867
14207.696289
14179.483398
13992.689453
13931.405273
13714.414062
13628.208984
13387.290039
13282.357422
13022.769531
12894.683594
12610.320312
12454.377930
12146.032227
11963.203125
11635.192383
11437.593750
11097.396484
10884.290039
10526.460938
10295.677734
9914.929688
9664.777344
9271.142578
9009.839844
8612.204102
8346.736328
7939.833496
7664.076660
7244.100586
6957.623535
6530.759277
6240.704102
5816.262695
5528.770508
5105.715332
4819.929199
4397.132324
4109.662109
3684.587891
3399.084961
2982.239746
2707.720459
2304.526123
2041.866699
1647.064331
1390.650391
1004.745789
755.505005
382.160309
151.255615
-199.830917
-410.714539
-744.221802
-939.457642
-1259.855103
-1439.098877
-1741.887817
-1899.051147
-2173.866699
-2305.698975
-2553.657227
-2661.798340
-2890.777100
-2980.012939
-3187.454834
-3252.926758
-3430.772461
-3464.143799
-3613.915771
-3619.594482
-3742.561279
-3727.100098
-3827.023438
-3789.296631
-3861.475830
-3790.383301
-3833.003906
-3732.787109
-3746.093994
-3624.849365
-3616.263672
-3470.218994
-3439.743408
-3265.819580
-3205.478516
-3004.057617
-2916.398682
-2691.938477
-2585.799316
-2342.909912
-2217.092529
-1953.806274
-1802.641235
-1516.371704
-1342.413208
-1036.073975
-848.261414
-529.591553
-326.237305
5.086137
223.882721
573.720886
807.513977
1174.017212
1417.821045
1789.006958
2041.310425
2415.557617
2674.903564
3056.018799
3325.104004
3713.535156
3987.311279
4376.229492
4645.082031
5032.119629
5295.131836
5679.065430
5945.103027
6330.448730
6592.791992
6971.717285
7224.257812
7588.359863
7828.487305
8181.132324
8415.001953
8757.994141
8981.096680
9315.311523
9522.038086
9835.518555
10022.285156
10315.861328
10486.907227
10764.271484
10921.012695
11181.460938
11318.821289
11556.756836
11667.714844
11881.500000
11970.148438
12164.003906
12233.958984
12405.699219
12454.934570
12602.382812
12624.035156
12742.925781
12739.352539
12834.644531
12809.373047
12887.333984
12841.816406
12898.006836
12825.173828
12853.768555
12756.815430
12761.466797
12644.424805
12629.547852
12497.764648
12464.191406
12310.886719
12257.675781
12082.450195
12006.693359
11813.575195
11722.898438
11517.890625
11417.296875
11198.409180
11082.717773
10849.721680
10715.672852
10470.320312
10329.808594
10078.709961
9935.113281
9681.529297
9531.254883
9269.695312
9111.350586
8846.657227
8686.575195
8423.377930
8268.149414
8009.903809
7858.978516
7604.694336
7456.080078
7202.496582
7061.431641
6817.818359
6688.255371
6460.428223
6343.634277
6130.016602
6024.099609
5820.939453
5726.630371
5540.009277
5465.635742
5299.260254
5248.537109
5104.597168
5072.780273
4947.442383
4933.628418
4829.450684
4841.281250
4762.096680
4801.235352
4751.229004
4817.154297
4791.854492
4880.434082
4879.248047
4994.348145
5020.060547
5164.996094
5224.561523
5399.921875
5487.729492
5687.907715
5798.775879
6022.287109
6165.369629
6418.628906
6591.701660
6877.106445
7077.654297
7388.306641
7612.312988
7946.359863
8192.905273
8553.656250
8828.908203
9215.065430
9516.576172
9924.684570
10247.115234
10671.573242
11010.897461
11454.929688
11814.747070
12279.632812
12657.543945
13141.278320
13532.948242
14024.766602
14425.761719
14926.898438
15338.702148
15850.867188
16273.377930
16793.435547
17220.380859
17740.949219
18166.685547
18684.101562
19106.978516
19625.990234
20047.898438
20563.619141
20981.406250
21487.218750
21894.658203
22386.607422
22780.443359
23256.259766
23637.970703
24101.166016
24468.417969
24913.876953
25257.810547
25678.468750
25997.798828
26391.748047
26684.238281
27056.761719
27325.578125
27669.210938
27908.867188
28218.935547
28424.058594
28698.369141
28869.183594
29112.363281
29250.794922
29460.417969
29564.060547
29734.933594
29798.134766
29928.435547
29951.208984
30043.242188
30033.320312
30089.296875
30040.320312
30057.294922
29966.734375
29941.365234
29812.146484
29747.193359
29580.937500
29481.611328
29280.097656
29146.351562
28907.390625
28735.587891
28458.218750
28250.587891
27940.138672
27701.972656
27362.300781
27094.691406
26728.880859
26430.185547
26033.349609
25706.175781
25283.972656
24933.689453
24490.933594
24122.923828
23661.640625
23273.109375
22791.541016
22383.865234
21887.460938
21464.244141
20956.691406
20526.878906
20012.425781
19575.164062
19051.775391
18608.244141
18078.039062
17628.863281
17099.138672
16651.511719
16126.078125
15682.203125
15161.305664
14720.493164
14203.349609
13766.394531
13255.638672
12831.244141
12332.936523
11923.940430
11438.706055
11042.036133
10568.510742
10183.224609
9725.081055
9356.791016
8918.367188
8570.682617
8154.768066
7825.878418
7427.459473
7115.800781
6737.264648
6446.084473
6091.828125
5825.465332
5496.088867
5252.888672
4945.248535
4724.039062
4436.325195
4238.347656
3974.887939
3800.476807
3563.480225
3415.478760
3202.654785
3075.849854
2883.492920
2777.456055
2606.780273
2523.573730
2378.109863
2319.078125
2196.318359
2158.120850
2052.998535
2032.502075
1946.647461
1944.586060
1879.381348
1899.142212
1854.632812
1892.641357
1862.912476
1914.005127
1898.368652
1962.861328
1962.614380
2043.823608
2059.980713
2153.780518
2182.067139
2285.890625
2320.824707
2432.035889
2476.660889
2597.797607
2651.312744
2781.420654
2842.950439
2978.125244
3041.545654
3177.010986
3243.255371
3381.574219
3452.063965
3593.915283
3666.391113
3809.373779
3879.996826
4016.451904
4081.939697
4216.519531
4279.859375
4412.782715
4474.765625
4601.595215
4657.028809
4776.488281
4823.546387
4934.971191
4974.755371
5079.975098
5114.302246
5212.306152
5237.341309
5323.884766
5338.117188
5413.863281
5416.404297
5480.731934
5475.241699
5531.979980
5515.172363
5559.867188
5532.401855
5564.247070
5523.003418
5541.439941
5492.581543
5503.192871
5443.221191
5443.712402
5372.650391
5359.790527
5276.339355
5251.707520
5158.170410
5127.052246
5025.400391
4985.314453
4874.015137
4822.750977
4702.835938
4639.950195
4511.409668
4442.860352
4308.187988
4234.559570
4095.778320
4014.281738
3865.561523
3777.677734
3622.253906
3530.756592
3373.983887
3277.947754
3121.367188
3023.231689
2860.919189
2758.874756
2594.346436
2490.406006
2325.028320
2222.310059
2060.432861
1960.094116
1798.365845
1697.641602
1536.223633
1435.855469
1277.498535
1182.390747
1029.616577
939.348083
791.752258
704.791870
558.769958
476.191406
335.534393
257.023224
125.490051
56.071564
-66.837753
-130.240250
-247.622162
-305.527832
-416.645782
-465.938232
-568.025146
-607.671814
-700.572754
-730.530396
-815.039307
-837.560303
-914.848572
-930.270691
-998.266174
-1002.755554
-1059.322876
-1051.910767
-1099.368530
-1085.861450
-1124.100464
-1103.021118
-1132.626709
-1100.166504
-1118.646973
-1075.878052
-1084.348633
-1031.703247
-1032.736816
-973.587158
-966.468994
-899.931824
-882.412659
-804.997803
-778.949951
-693.023621
-658.594849
-566.984985
-526.262268
-428.621643
-379.707611
-273.073822
-216.720047
-101.546021
-39.626022
78.834229
145.462738
268.213287
338.783722
466.514069
544.317322
676.818665
758.618042
894.460693
977.568542
1112.949951
1198.256836
1336.093018
1423.852539
1564.662842
1653.683838
1795.644409
1883.006470
2021.772827
2107.725342
2245.447266
2330.833008
2467.856689
2552.693115
2688.186035
2770.455811
2900.535889
2976.241455
3103.598389
3176.413330
3298.894287
3368.986816
3488.114990
3552.871094
3665.758789
3723.409424
3827.443604
3879.133789
3977.361084
4024.294434
4118.063965
4158.779297
4244.072754
4276.027344
4352.849121
4376.480469
4445.823730
4464.256348
4527.572266
4539.395996
4594.221191
4597.315918
4643.068848
4636.752441
4674.746094
4661.823730
4694.623535
4675.989746
4701.947754
4675.857422
4692.961426
4659.102051
4668.008301
4628.587402
4632.657227
4588.014648
4586.639648
4536.971191
4530.037109
4473.027344
4459.886230
4398.207520
4380.883301
4315.550293
4295.260742
4227.975098
4204.868164
4133.014160
4105.383301
4029.917236
3999.837646
3924.437012
3894.202393
3817.873047
3787.818359
3711.546875
3679.868896
3602.898926
3570.758057
3495.854492
3465.200684
3392.552734
3365.742188
3295.925293
3269.745605
3201.413330
3177.253906
3111.970459
3092.020264
3032.453857
3018.705811
2964.424316
2955.316162
2904.580811
2899.639648
2854.528809
2856.127930
2818.429443
2826.721436
2796.631592
2812.460693
2788.595703
2809.688721
2793.173584
2820.625244
2812.445312
2849.054199
2848.902344
2895.214600
2902.533447
2955.858643
2971.058350
3031.536865
3054.218750
3123.906738
3157.636475
3235.207520
3277.856689
3363.263916
3412.170898
3505.312988
3561.035156
3662.495117
3727.145264
3837.849121
3910.556152
4028.770020
4107.099121
4229.823730
4315.685547
4444.155273
4536.843262
4672.179688
4771.864746
4913.045410
5017.844238
5163.011719
5270.358887
5418.956543
5529.426758
5682.945801
5798.830566
5954.806152
6073.317383
6231.373047
6348.985840
6505.998535
6625.089355
6782.788086
6903.599121
7062.908203
7182.546387
7339.471191
7456.517578
7609.703613
7724.187012
7874.871094
7986.978516
8135.152344
8244.441406
8388.454102
8492.115234
8629.323242
8726.162109
8857.180664
8949.270508
9073.509766
9159.019531
9277.131836
9353.979492
9462.563477
9529.413086
9628.364258
9687.196289
9777.347656
9827.981445
9909.916992
9950.858398
10021.528320
10050.740234
10109.539062
10128.050781
10177.071289
10184.840820
10225.409180
10224.083984
10251.310547
10238.828125
10255.289062
10229.495117
10235.459961
10200.681641
10196.470703
10151.355469
10136.234375
10081.218750
10054.815430
9988.824219
9950.831055
9874.966797
9827.966797
9743.683594
9688.849609
9596.211914
9531.960938
9429.840820
9355.608398
9244.888672
9164.503906
9047.170898
8960.052734
8835.516602
8740.543945
8608.571289
8506.559570
8368.827148
8260.990234
8118.660645
8007.118164
7861.945312
7744.944336
7595.092285
7474.219727
7319.622559
7195.824707
7039.029297
6912.596680
6754.824219
6627.723145
6467.569824
6337.467285
6175.045410
6043.396973
5880.490723
5749.555176
5587.805176
5457.343262
5296.542480
5167.562012
5006.626953
4878.728516
4720.082520
4594.265137
4439.624512
4318.170410
4166.974121
4047.977051
3899.414307
3783.979248
3638.794678
3526.998535
3387.632568
3281.126465
3147.310059
3045.395020
2916.809082
2819.521484
2695.493408
2604.388184
2485.958740
2400.881348
2290.353516
2210.891846
2106.851807
2033.734985
1934.794434
1867.227417
1774.106323
1713.240601
1626.543457
1572.527588
1493.349365
1446.299194
1372.900391
1330.353027
1263.104858
1227.047119
1166.495117
1136.146973
1082.320190
1058.930786
1010.453064
991.550110
947.674500
934.317871
896.502197
889.464233
857.382996
856.288391
829.471313
831.918091
808.848572
815.227417
796.630371
807.654480
795.005493
810.081665
800.637634
819.714050
813.019653
834.864136
830.520691
855.603638
854.786011
882.704224
885.414490
915.346130
918.901184
949.932434
954.774658
986.259155
994.009399
1027.281860
1035.524414
1070.225708
1079.131714
1112.906372
1120.962769
1154.197998
1162.553833
1197.266724
1205.739990
1239.239624
1247.216797
1279.179321
1284.333008
1314.092773
1318.388916
1346.820923
1349.833862
1377.074829
1378.268677
1402.877930
1402.577881
1424.068970
1420.078003
1439.399658
1432.784668
1450.517456
1441.880127
1456.680786
1444.788208
1455.941895
1440.438599
1448.313110
1430.083862
1434.624390
1414.547119
1416.367554
1393.205811
1391.247681
1364.183594
1358.482788
1328.661255
1320.773438
1288.665649
1279.022949
1244.555420
1231.380615
1193.774414
1176.629272
1136.508057
1117.708374
1075.384521
1055.183350
1011.097595
988.932068
942.626343
918.389526
870.397949
844.646606
795.949829
769.158325
720.081726
692.973145
642.997498
614.133911
563.337158
534.112610
482.761871
453.867279
403.751190
375.669495
325.450684
297.628510
247.596115
219.509613
171.174133
144.664886
98.276863
73.415169
28.474817
5.191606
-38.686600
-60.588387
-102.489479
-122.090401
-161.676880
-178.342010
-215.026947
-229.584290
-263.017487
-274.988831
-306.786224
-316.367920
-344.598114
-350.634613
-374.972900
-377.877228
-399.332184
-399.419037
-418.158783
-415.635803
-431.014130
-424.366882
-435.269684
-424.636963
-432.671448
-418.062042
-422.563141
-406.002655
-407.315430
-386.822418
-384.036865
-359.857361
-353.551086
-326.233978
-316.486389
-286.912140
-275.433441
-242.549088
-226.935516
-191.510208
-172.759506
-134.320572
-113.491028
-72.644524
-49.838104
-7.599955
16.913950
61.821415
88.750259
135.774490
164.644073
212.642181
242.944260
291.679138
323.201752
372.780884
405.656616
456.392792
490.472290
541.816956
575.203857
626.585754
660.015930
710.930176
745.304688
796.364685
830.232849
881.185608
914.212952
964.070007
995.887085
1044.435669
1075.378784
1123.537109
1153.568726
1200.701050
1228.880493
1274.019409
1300.400391
1343.098633
1367.165649
1407.796265
1430.599609
1469.734741
1490.637573
1526.486694
1544.142944
1577.346436
1592.300781
1622.886108
1635.838745
1664.220459
1674.513672
1700.501831
1707.122192
1729.353882
1733.156372
1751.800415
1753.497803
1770.073853
1768.923828
1782.217651
1778.168823
1788.122314
1780.790039
1787.939941
1778.080933
1782.863892
1770.661621
1772.646240
1757.726685
1757.033936
1738.762573
1735.203735
1715.199707
1709.293457
1687.484619
1680.234497
1657.276489
1648.622803
1623.966553
1613.139648
1586.942871
1574.826782
1547.129272
1534.749390
1506.114014
1492.467529
1463.440063
1448.432251
1417.979736
1401.737305
1370.296997
1354.308960
1323.563110
1306.979614
1275.738770
1258.734497
1227.048096
1209.796631
1178.275513
1161.707886
1131.355469
1115.818115
1085.579224
1070.634399
1041.438965
1026.476685
998.179016
984.930847
958.141541
946.856506
922.166626
911.609619
888.530396
879.805542
858.280334
852.036194
832.917847
828.836609
812.386963
810.868347
796.712463
797.422913
786.140442
789.507263
781.022034
787.350281
782.289551
791.928162
789.416870
801.554443
802.117249
817.261536
820.658936
838.755554
845.689392
867.399231
877.324951
902.193237
914.968567
942.652222
958.078918
988.710693
1007.654602
1041.136963
1062.783081
1099.176147
1124.182129
1162.892090
1189.517212
1230.591431
1260.239380
1303.856323
1336.093872
1382.010986
1416.170288
1463.965698
1499.552002
1548.710205
1586.261719
1636.747803
1675.435425
1727.708740
1767.587646
1819.906250
1860.381226
1913.465820
1954.374268
2007.277344
2048.530029
2101.589111
2142.748535
2195.407715
2236.071533
2288.246826
2327.592285
2378.191406
2417.248535
2466.865234
2504.397461
2552.929443
2588.571777
2634.812012
2668.445312
2712.301514
2743.978027
2785.849121
2815.205078
2854.406738
2881.229492
2917.550293
2941.352051
2974.507812
2994.819092
3024.856689
3042.468506
3069.329834
3083.421387
3106.413574
3116.993408
3136.427734
3142.909424
3158.362305
3161.626953
3173.862305
3172.963135
3181.229248
3176.755615
3180.595703
3171.725830
3171.745605
3159.358154
3155.741699
3139.348877
3132.059082
3112.000244
3100.549561
3076.799316
3061.326660
3033.274902
3014.735107
2984.016846
2961.806152
2927.520996
2901.682861
2864.010742
2834.994385
2794.544189
2762.772217
2719.686279
2685.412598
2639.427979
2602.609863
2554.501221
2514.975342
2464.364990
2422.809082
2370.819580
2327.713379
2274.242920
2229.669922
2174.607422
2128.614014
2072.204834
2024.800537
1967.663696
1919.215576
1861.953613
1813.166260
1755.372437
1706.183350
1647.684326
1599.086670
1540.677856
1491.835938
1434.249268
1385.554688
1328.665405
1280.957397
1224.470337
1177.652954
1121.923340
1076.408569
1022.263977
978.051575
925.573242
882.711670
831.765381
790.319946
741.367981
701.811523
654.909424
617.157227
572.329834
536.865051
494.004608
460.778320
419.665039
388.594727
349.824738
321.183411
285.022827
258.861877
225.422958
201.588364
170.853378
149.421860
120.884888
101.933937
75.986259
59.462337
35.855991
21.670422
0.356933
-11.666501
-30.567886
-39.820305
-56.135262
-63.085529
-76.695938
-81.595078
-93.003265
-95.397606
-105.007805
-105.774300
-113.253571
-111.895142
-117.337326
-113.726089
-117.239929
-112.098846
-113.949265
-107.496620
-107.560585
-99.315132
-98.071899
-88.162560
-85.293800
-74.308220
-69.813828
-57.442413
-51.971500
-38.488792
-31.893793
-17.563835
-9.808998
5.103642
13.329290
29.261789
37.867409
54.476978
63.402088
80.112953
90.043839
107.023453
117.020866
133.981934
143.683304
160.549637
170.290070
186.968338
196.708084
213.332016
222.833206
238.838593
247.615402
262.953766
270.985291
285.641357
293.292145
307.737488
314.594177
327.972534
333.952057
346.124817
350.768616
361.856995
365.866302
376.214203
379.319305
388.223358
390.091553
397.778839
398.262909
404.673309
404.036102
409.281158
407.723297
411.169983
408.331787
410.630127
406.383698
407.653503
402.164062
402.058380
395.223846
393.938446
385.882629
383.372162
374.161987
370.297485
359.881561
354.928253
343.755005
337.950775
325.864624
318.883423
305.979187
298.030090
284.060364
275.331085
260.987061
251.879486
236.766296
227.086777
211.447723
201.219391
185.159821
174.443146
157.888824
147.102310
130.666931
119.564110
103.211540
92.131203
75.350929
64.128448
47.218044
36.062077
19.725948
8.841295
-7.497589
-18.074793
-34.358612
-44.805470
-60.625973
-71.011642
-86.021271
-95.934654
-110.445190
-119.591064
-133.656708
-142.529800
-155.958435
-164.270004
-176.855133
-184.199738
-196.232544
-202.817749
-213.924927
-219.687881
-229.864624
-234.347992
-243.283447
-246.998779
-254.732590
-257.522888
-264.420868
-265.916534
-271.737885
-272.155670
-276.602600
-276.057922
-279.522522
-277.642212
-279.630615
-276.513184
-277.261810
-273.019623
-272.849640
-267.168915
-265.726044
-258.826050
-255.936356
-248.096375
-244.073334
-235.081406
-230.410065
-220.368729
-214.531509
-203.675919
-196.352539
-184.304840
-176.357941
-163.645218
-154.918060
-141.415756
-131.556717
-117.226006
-106.760345
-91.522240
-80.503860
-65.055061
-53.354527
-37.596237
-25.483974
-9.160191
3.275588
19.966042
32.697758
49.602276
62.858101
79.685005
92.885818
109.732475
123.018082
140.006790
153.096817
169.894577
182.761505
199.404068
211.825058
228.269409
240.192474
256.185028
267.833191
283.143738
294.420074
309.023621
319.703400
333.509430
343.513855
356.816803
366.203156
378.979095
387.551758
399.433838
407.088257
418.138123
424.915802
435.120941
441.074066
450.185028
455.519684
463.762543
467.823090
474.968811
478.017517
484.215820
486.475311
491.669373
493.005402
497.247192
497.712860
501.183319
500.709991
503.134857
501.594330
502.933563
500.660583
501.353760
498.112305
497.789368
493.801697
492.568207
487.743896
485.633423
479.935974
476.957611
470.701965
467.079193
460.173401
455.759247
448.351959
443.468384
435.496094
430.207947
421.402527
415.719421
406.318909
399.999176
390.358765
383.561951
373.462646
366.322693
355.977112
348.685455
338.295380
330.948730
320.320282
312.828888
302.387238
294.703857
284.363281
276.817078
266.606903
259.177521
249.200806
241.889999
232.084290
225.170532
215.476807
209.016800
199.790878
193.747330
185.079666
179.498932
171.216202
165.965103
158.101227
153.524872
146.582932
142.650497
136.545761
133.334702
127.733788
125.189705
120.406700
118.695084
114.814880
113.834274
110.644127
110.505798
108.177795
108.721870
107.463478
108.921242
108.376717
110.864029
111.118729
114.344772
115.483444
119.591553
121.650787
126.673180
129.412827
135.148712
138.923157
145.317261
149.726395
157.009827
162.097687
170.074631
175.895126
184.419388
191.205505
200.354782
207.603577
217.312241
225.164856
235.574814
243.661652
254.449524
263.048126
274.192719
283.313660
294.677490
304.018341
315.652924
325.067505
336.930054
346.492554
358.385284
368.081055
379.892853
389.458618
401.393311
410.829468
422.529816
431.807220
443.140228
452.274994
463.257782
472.125946
482.823334
491.330933
501.495728
509.411316
519.206238
526.473206
535.694763
542.418945
550.888123
556.886719
564.717468
570.060059
577.099182
581.825989
588.025696
591.856018
597.098694
599.982605
604.351440
606.423584
609.968994
610.994446
613.464050
613.628540
615.348206
614.600769
615.129944
613.572632
613.293091
610.595154
609.514587
606.035400
603.901611
599.430176
596.377075
591.097046
587.231201
581.155396
576.363525
569.458374
563.900513
556.207825
549.995422
541.555481
534.635803
525.507202
517.796326
508.115814
499.905426
489.576691
480.757904
470.025269
460.672852
449.495636
439.725830
428.084503
418.047150
406.157440
395.672852
383.569794
372.840698
360.501068
349.818390
337.408356
326.454010
313.983093
303.059937
290.746094
279.786438
267.409332
256.767883
244.526276
233.877960
221.788208
211.209442
199.431961
189.135864
177.627335
167.678360
156.332306
146.789261
135.800613
126.546158
115.959854
107.168381
97.046875
88.498398
78.933662
70.931015
61.805828
54.299152
45.672668
38.666752
30.563162
24.089491
16.334158
10.330462
3.344496
-2.060860
-8.624121
-13.538401
-19.531246
-23.912342
-29.268723
-32.997414
-37.832043
-41.135689
-45.480183
-48.192028
-52.042740
-54.214458
-57.540497
-59.252960
-61.977463
-63.251060
-65.517113
-66.357208
-68.077316
-68.431824
-69.698479
-69.492287
-70.330894
-69.754745
-70.093483
-69.100357
-69.157631
-67.867935
-67.612244
-65.955353
-65.249084
-63.354446
-62.334568
-59.981445
-58.743233
-56.198456
-54.756123
-52.037956
-50.374462
-47.360825
-45.575382
-42.456577
-40.424713
-37.182922
-35.098606
-31.808445
-29.589678
-26.206110
-24.013565
-20.589073
-18.300283
-14.925945
-12.535468
-9.061447
-6.674330
-3.226895
-0.919441
2.392928
4.637372
7.899598
10.063815
13.318258
15.420445
18.591055
20.534910
23.496956
25.355055
28.228588
29.984856
32.775238
34.497238
36.988476
38.551151
41.074043
42.513889
44.902836
46.245090
48.441521
49.636963
51.718395
52.853291
54.761391
55.778759
57.527496
58.306126
59.953636
60.634624
62.222004
62.791882
64.238838
64.698715
65.993477
66.263840
67.408615
67.660576
68.734261
68.904282
69.678986
69.672302
70.406967
70.204483
70.842720
70.562973
70.861717
70.545822
70.759453
70.244926
70.289139
69.630798
69.555206
68.646172
68.443031
67.440758
67.118248
66.001915
65.555092
64.231575
63.608513
62.225323
61.470848
59.946526
58.948433
57.334732
56.202023
54.342735
53.068775
51.063114
49.647808
47.592754
46.054173
43.800629
42.152477
39.792107
38.012077
35.539055
33.614010
31.035160
29.017580
26.332964
24.260683
21.436680
19.264317
16.357849
14.094256
11.206244
8.858383
5.911171
3.413916
0.471830
-2.079262
-5.060475
-7.543901
-10.591793
-13.123376
-16.166332
-18.694653
-21.726065
-24.251925
-27.187296
-29.612106
-32.565220
-34.988438
-37.797604
-40.044674
-42.815971
-45.074524
-47.702873
-49.856277
-52.239906
-54.081215
-56.331749
-58.021412
-60.127106
-61.652443
-63.572136
-64.947479
-66.703156
-67.849243
-69.300201
-70.250404
-71.512733
-72.236504
-73.208885
-73.746841
-74.445137
-74.717964
-75.178940
-75.187469
-75.472450
-75.125771
-75.135216
-74.494316
-74.229210
-73.423027
-72.899590
-71.856979
-71.076897
-69.864983
-68.801338
-67.314491
-66.068794
-64.399963
-63.007053
-61.022690
-59.363487
-57.227638
-55.332062
-53.017487
-51.027840
-48.555981
-46.428574
-43.834888
-41.486813
-38.770603
-36.356907
-33.519283
-31.066568
-28.156933
-25.638041
-22.717318
-20.014174
-16.999243
-14.367050
-11.334002
-8.586985
-5.618177
-2.941237
-0.069142
2.620623
5.512035
8.086287
10.943455
13.537277
16.299608
18.724649
21.412573
23.717646
26.298395
28.571634
31.026501
33.213928
35.556664
37.558575
39.715744
41.513615
43.473515
45.168186
47.011745
48.597271
50.225342
51.549015
53.002220
54.145138
55.424435
56.367710
57.526970
58.278053
59.159065
59.744843
60.460854
60.770226
61.321770
61.474133
61.730736
61.798855
61.964752
61.929390
62.017879
61.728668
61.707478
61.426762
61.224419
60.854153
60.549431
59.998714
59.519997
58.886906
58.312790
57.584518
56.908817
56.098461
55.405674
54.513416
53.634945
52.635071
51.694149
50.541378
49.577061
48.433270
47.374363
46.129665
45.085960
43.746880
42.608585
41.284721
40.051907
38.730228
37.428699
36.012531
34.783775
33.369591
32.136204
30.736710
29.344383
27.946558
26.639334
25.249472
23.937267
22.548792
21.314833
19.934006
18.617826
17.250908
15.935729
14.659458
13.434827
12.159330
10.999441
9.737388
8.507614
7.335693
6.195974
5.030811
3.961790
2.886466
1.900813
0.985600
