-1.120000
-1.040007
-1.120030
-1.120068
-1.120121
-1.120190
-1.200292
-1.120372
-1.200520
-1.120614
-1.120758
-1.120917
-1.201170
-1.121281
-1.201592
-1.121705
-1.202079
-1.122191
-1.122456
-1.122736
-1.203249
-1.123343
-1.203931
-1.124010
-1.204678
-1.124738
-1.125124
-1.125526
-1.125942
-1.126374
-1.207309
-1.127284
-1.127761
-1.128254
-1.128761
-1.129284
-1.129822
-1.130375
-1.130943
-1.131527
-1.132125
-1.132739
-1.133368
-1.053011
-1.134670
-1.054249
-1.136034
-1.055543
-1.137458
-1.056893
-1.138942
-1.058300
-1.140487
-1.059762
-1.142093
-1.061281
-1.143758
-1.062856
-1.063664
-1.064487
-1.065323
-0.984160
-1.067038
-0.985769
-1.068809
-0.987430
-0.988280
-0.906714
-0.907517
-0.825756
-0.826507
-0.744542
-0.745237
-0.745943
-0.746658
-0.664340
-0.664992
-0.582447
-0.583033
-0.500251
-0.584228
-0.501288
-0.585453
-0.502351
-0.502892
-0.419533
-0.503994
-0.420462
-0.505121
-0.421412
-0.506274
-0.506860
-0.507453
-0.508052
-0.508657
-0.424391
-0.509887
-0.510512
-0.596334
-0.511781
-0.597829
-0.513075
-0.599354
-0.514396
-0.600909
-0.601698
-0.602494
-0.603298
-0.690411
-0.691346
-0.692291
-0.693243
-0.694205
-0.695175
-0.783172
-0.697140
-0.785402
-0.786532
-0.875190
-0.788819
-0.877753
-0.791145
-0.880358
-0.881677
-0.883006
-0.884347
-0.974267
-0.887059
-0.977274
-0.889813
-0.980327
-0.892611
-0.983427
-0.984995
-0.986574
-0.988165
-0.989767
-0.991382
-0.993008
-0.994645
-1.086866
-0.997955
-1.090503
-1.001312
-1.094190
-1.004714
-1.097927
-1.008164
-1.101715
-1.011660
-1.105554
-1.107493
-1.109444
-1.111408
-1.113384
-1.115373
-1.117375
-1.119389
-1.121416
-1.123456
-1.219300
-1.127573
-1.223788
-1.131740
-1.133842
-1.135958
-1.232926
-1.140226
-1.237577
-1.144544
-1.242282
-1.148912
-1.247042
-1.153331
-1.251856
-1.157800
-1.256724
-1.162319
-1.261647
-1.166888
-1.266624
-1.171507
-1.271655
-1.176176
-1.276740
-1.279303
-1.281880
-1.284470
-1.287073
-1.190483
-1.292320
-1.195352
-1.297622
-1.200270
-1.302977
-1.205238
-1.308386
-1.210256
-1.313848
-1.215323
-1.319365
-1.322144
-1.324936
-1.327741
-1.330559
-1.230823
-1.336237
-1.236088
-1.341968
-1.241403
-1.347752
-1.350664
-1.353590
-1.252181
-1.359481
-1.257643
-1.365426
-1.263155
-1.371423
-1.268716
-1.377474
-1.274326
-1.277149
-1.173319
-1.282833
-1.178552
-1.181185
-1.183829
-1.186484
-1.081046
-1.083481
-0.977333
-0.979542
-0.872676
-0.983988
-0.876644
-0.878640
-0.770564
-0.772325
-0.663508
-0.665029
-0.555464
-0.556742
-0.446420
-0.447450
-0.224242
-0.337142
-0.112641
-0.112903
0.000000
0.000000
0.227388
0.227919
0.342679
0.343482
0.459051
0.460129
0.691818
0.693448
0.810931
0.812847
0.931165
0.933370
1.052531
1.172256
1.292546
1.295622
1.416774
1.420153
1.542173
1.545860
1.668757
1.672755
1.796537
1.800850
1.925523
1.809522
1.934805
1.939469
1.944149
1.948845
2.075654
1.958284
2.085717
2.090773
2.219131
2.100935
2.106042
2.111164
2.116304
2.121460
2.126633
2.131823
2.137029
2.016237
2.147491
1.899482
2.031076
1.908800
1.913482
1.790299
1.922887
1.799105
1.803528
1.678825
1.682957
1.557326
1.561164
1.434595
1.438135
1.310622
1.313859
1.185395
1.188325
1.058902
1.061522
0.931131
0.933437
0.802071
0.804059
0.671711
0.673377
0.540039
0.541380
0.407043
0.408054
0.272712
0.273390
0.137035
0.137376
-0.137718
-0.138060
-0.276808
-0.138749
-0.278189
-0.278882
-0.419366
-0.420411
-0.561945
-0.563347
-0.847128
-0.707701
-0.851359
-0.853484
-0.998217
-1.000708
-1.003206
-1.149384
-1.296286
-1.155131
-1.302768
-1.306022
-1.454760
-1.458394
-1.608241
-1.465690
-1.616287
-1.620325
-1.772044
-1.628432
-1.780910
-1.785360
-1.938972
-1.794292
-1.948672
-1.953541
-2.109068
-1.963313
-2.119618
-1.973132
-2.130219
-1.983000
-2.140871
-1.992915
-2.151574
-2.002877
-2.162328
-2.012886
-2.017909
-2.022943
-2.027989
-2.033046
-2.038116
-2.043197
-2.048289
-1.895441
-2.058511
-1.904897
-1.909641
-1.754863
-1.919162
-1.763610
-1.928726
-1.772397
-1.776805
-1.619293
-1.623318
-1.627352
-1.631395
-1.471902
-1.639507
-1.479219
-1.482889
-1.321393
-1.490254
-1.327953
-1.331244
-1.167724
-1.337847
-1.173514
-1.176418
-1.010853
-1.013352
-0.846548
-1.018367
-0.850736
-0.852836
-0.854941
-0.857050
-0.687331
-0.689025
-0.690723
-0.692424
-0.520597
-0.695837
-0.523161
-0.699264
-0.525737
-0.702704
-0.528322
-0.529619
-0.530918
-0.532219
-0.533524
-0.534830
-0.536140
-0.537452
-0.538766
-0.540083
-0.541403
-0.542725
-0.544049
-0.727169
-0.546706
-0.730718
-0.549373
-0.734281
-0.552050
-0.737857
-0.739650
-0.741446
-0.743246
-0.931311
-0.746855
-0.935831
-0.750478
-0.940368
-0.942643
-1.133906
-1.136646
-1.139390
-1.142139
-1.335709
-1.147653
-1.342153
-1.345384
-1.348620
-1.351862
-1.548697
-1.552415
-1.556140
-1.559871
-1.759060
-1.567353
-1.767492
-1.771719
-1.973281
-1.977994
-1.982715
-1.987444
-2.191398
-1.996925
-2.201846
-2.207083
-2.212328
-2.217583
-2.424923
-2.228118
-2.436435
-2.238688
-2.447986
-2.453775
-2.664538
-2.465382
-2.677133
-2.477027
-2.689769
-2.696102
-2.702445
-2.708799
-2.715162
-2.721536
-2.937760
-2.734314
-2.951543
-2.747133
-2.965369
-2.759991
-2.979238
-2.772890
-2.993150
-3.000123
-3.007106
-3.014100
-3.021104
-3.028119
-3.035145
-3.042181
-3.049229
-3.056287
-3.063355
-3.070434
-3.077524
-2.864293
-3.091734
-2.877508
-3.105987
-2.890763
-3.120281
-2.904056
-3.134618
-2.917387
-3.148996
-2.930758
-3.163416
-2.944167
-3.177877
-2.957615
-3.192379
-2.971100
-2.977857
-2.755037
-2.991400
-2.767556
-3.004981
-2.780109
-3.018599
-2.792698
-3.032255
-2.805321
-2.811645
-2.817978
-2.824320
-2.830670
-2.837029
-2.843397
-2.849773
-2.618145
-2.624005
-2.629873
-2.635750
-2.641633
-2.647525
-2.653424
-2.659331
-2.422951
-2.671168
-2.433726
-2.683036
-2.444529
-2.694935
-2.455360
-2.706864
-2.466218
-2.471658
-2.477105
-2.482558
-2.488019
-2.493486
-2.498960
-2.504441
-2.509928
-2.515423
-2.268831
-2.526432
-2.278752
-2.537468
-2.288697
-2.548532
-2.298666
-2.559622
-2.308659
-2.570739
-2.318677
-2.581882
-2.328718
-2.593053
-2.338783
-2.604249
-2.348872
-2.615472
-2.358984
-2.626721
-2.369120
-2.637996
-2.643644
-2.649298
-2.654958
-2.660625
-2.399668
-2.671978
-2.677664
-2.683356
-2.689055
-2.694761
-2.700472
-2.706190
-2.711915
-2.717645
-2.723382
-2.729125
-2.734875
-3.014694
-2.746393
-3.027377
-2.757936
-3.040089
-2.769504
-3.052827
-2.781097
-3.065592
-3.071985
-3.078385
-3.084791
-3.091204
-2.816022
-3.104051
-2.827713
-3.116924
-3.123370
-3.414353
-3.136283
-3.428454
-3.149222
-3.442584
-3.162188
-3.456742
-3.175179
-3.470929
-3.188197
-3.485145
-3.201241
-3.499388
-3.214310
-3.513659
-3.520806
-3.527959
-3.535120
-3.542287
-3.549460
-3.556642
-3.266844
-3.571024
-3.578226
-3.585433
-3.592649
-3.599871
-3.306509
-3.614336
-3.319779
-3.326425
-3.333076
-3.339733
-3.042178
-3.353065
-3.054310
-3.060384
-2.759818
-2.765294
-2.462912
-2.776262
-2.472670
-2.477556
-2.172140
-2.176422
-1.869179
-1.872856
-1.251024
-1.566850
-0.941953
-1.258398
-0.630430
-0.631662
-0.316448
-0.317065
0.000000
0.318301
0.637838
0.639077
0.960474
0.962335
1.285596
1.288082
1.935853
1.939587
2.267211
2.271574
2.601076
2.606070
2.937452
2.943080
3.276348
3.610872
3.946655
3.624668
3.961718
3.969257
4.308203
4.316384
4.657231
4.666055
5.008805
4.683722
5.027751
5.037234
5.046725
5.056222
5.403442
5.413589
5.423742
5.433903
5.444072
5.454248
5.464433
5.132460
5.484823
5.151590
5.505242
5.170747
5.180336
5.189932
5.199534
4.861869
4.870844
4.531267
4.888813
4.547965
4.556322
4.213556
4.221281
3.876595
3.883686
3.537075
3.543530
3.194991
3.200809
2.850338
2.855517
2.503111
2.507648
2.153304
2.157198
1.800912
1.804162
1.445930
1.448533
1.088353
1.090308
0.728176
0.729480
0.365393
0.366046
0.000000
0.000000
-0.368008
-0.737326
-1.107955
-1.109922
-1.482520
-1.485145
-1.859716
-1.490402
-1.866290
-1.869580
-2.247446
-2.251399
-2.631246
-2.635863
-3.017694
-3.022977
-3.406795
-3.412745
-3.798553
-3.805172
-4.192973
-4.200262
-4.207554
-4.214851
-4.605983
-4.229457
-4.621926
-4.629903
-5.024375
-5.033027
-5.429505
-5.050344
-5.448165
-5.067681
-5.466846
-5.476192
-5.877369
-5.494901
-5.897425
-5.513630
-5.917501
-5.532378
-5.541759
-5.551144
-5.560535
-5.569931
-5.977854
-5.588735
-5.598144
-5.207018
-5.616976
-5.224514
-5.635827
-5.242027
-5.250790
-5.259556
-5.268327
-4.871171
-4.879275
-4.480101
-4.895494
-4.494975
-4.911728
-4.509863
-4.517312
-4.113422
-4.120200
-3.714283
-4.133764
-3.726496
-3.732607
-3.738720
-3.744837
-3.334183
-3.339624
-2.926934
-2.931699
-2.936466
-2.941235
-2.525148
-2.950779
-2.533332
-2.537427
-2.117936
-2.121351
-1.699813
-2.128184
-1.705282
-2.135023
-1.710756
-1.713494
-1.716234
-1.718974
-1.291286
-1.724458
-1.295401
-1.729946
-1.299518
-1.735438
-1.303639
-1.740934
-1.307763
-1.309825
-1.311889
-1.751938
-1.316018
-1.757446
-1.320151
-1.762957
-1.324286
-1.768472
-1.328424
-1.773991
-1.776752
-2.224392
-1.782277
-2.231300
-1.787804
-2.238212
-1.793336
-2.245129
-2.248589
-2.702459
-2.255512
-2.710769
-2.714926
-2.719084
-2.723243
-3.181971
-2.731566
-3.191684
-3.196542
-3.658744
-3.664299
-3.669856
-3.675415
-4.141096
-3.686536
-4.153612
-4.159872
-4.629036
-4.635996
-4.642957
-4.649920
-5.122572
-4.663850
-5.137899
-5.145566
-5.621711
-5.160905
-5.638448
-5.646820
-5.655193
-5.663568
-5.671946
-5.680325
-6.162766
-6.171847
-6.180931
-6.190017
-6.199104
-6.208194
-6.217285
-6.226378
-6.715125
-6.244570
-6.734722
-6.744522
-6.754325
-6.280977
-6.773935
-6.299191
-6.793554
-6.803365
-7.299835
-6.822995
-7.320870
-6.842631
-6.852452
-6.862274
-6.872098
-6.881923
-7.384018
-6.901579
-7.405081
-6.921242
-6.931075
-6.940909
-6.950745
-6.960583
-6.970422
-6.980262
-6.990104
-6.999947
-7.009791
-6.518236
-7.029485
-6.536524
-7.049182
-6.554817
-7.068885
-6.573113
-7.088592
-6.591416
-6.600568
-6.609722
-6.618876
-6.628031
-6.637187
-6.646344
-6.655502
-6.664661
-6.673820
-6.168905
-6.692143
-6.185820
-6.710467
-6.202736
-6.728795
-6.219655
-6.747126
-6.236577
-6.245038
-6.253501
-6.261964
-6.270427
-6.278891
-6.287354
-6.295820
-5.778928
-6.312750
-5.794448
-6.329683
-5.809970
-6.346617
-5.825493
-6.363551
-5.841017
-5.848780
-5.856543
-5.864305
-5.872068
-5.879832
-5.887595
-5.895359
-5.366475
-5.910886
-5.380590
-5.926413
-5.394706
-5.941941
-5.408823
-5.957469
-5.422938
-5.429996
-5.437054
-5.444112
-5.451169
-5.458227
-5.465284
-5.472342
-5.479399
-5.486456
-5.493513
-5.500569
-4.956863
-5.514681
-5.521737
-5.528792
-5.535847
-5.542902
-5.549957
-5.557011
-5.007658
-5.571118
-5.578171
-5.585223
-5.592275
-6.159260
-5.606378
-5.613429
-5.620479
-5.627529
-5.634578
-6.205790
-5.648674
-6.221294
-5.662768
-6.236796
-5.676861
-6.252296
-5.690949
-6.267792
-5.705036
-6.283286
-6.291031
-6.298776
-6.306520
-6.314263
-6.322005
-6.329747
-6.337487
-6.922065
-6.352965
-6.938948
-6.368438
-6.955826
-6.383908
-6.972701
-6.399374
-6.989570
-6.414835
-7.006434
-7.014864
-7.023293
-6.445745
-7.040148
-7.048573
-7.645080
-7.065420
-7.663327
-7.082261
-7.090679
-7.099095
-7.107512
-7.115925
-7.124338
-7.132749
-7.141158
-7.149566
-7.157972
-7.166378
-7.174780
-6.584583
-7.191582
-6.599981
-6.607678
-6.615373
-6.623067
-6.027963
-6.034954
-5.437749
-5.444038
-4.844735
-5.456613
-4.855909
-4.861495
-4.258695
-4.263580
-3.048903
-3.052391
-2.444702
-2.447491
-1.837709
-1.839800
-1.227927
-0.614660
0.000000
0.000000
1.233497
1.234888
1.854420
1.856506
2.478122
2.480903
3.725523
3.729692
4.978478
4.984033
5.613284
5.619529
6.250858
6.257794
7.517673
7.525990
8.162164
8.171169
9.438660
8.819107
9.459424
9.469803
10.112189
10.123252
10.767705
10.779453
11.425972
11.438402
12.086985
11.463249
12.113204
12.126307
12.139405
12.152500
12.805885
12.178676
12.833428
12.204833
12.860952
12.230971
12.244034
12.257092
12.270144
12.283194
12.296238
11.661420
11.673767
11.036882
11.698449
11.060185
11.071829
10.431500
11.095104
9.800061
9.810320
9.165870
9.175437
8.528929
8.537806
8.546679
8.555548
7.246812
7.254311
6.601643
6.608454
5.953736
5.959861
5.303097
5.308537
4.649728
4.654484
3.328027
3.331421
2.667851
2.670564
2.004957
2.675986
1.339348
1.340702
0.671028
0.671704
0.000000
0.000000
-0.673731
-0.674407
-1.350163
-1.351512
-2.029290
-2.031312
-2.711110
-2.713804
-3.395619
-3.398982
-4.082812
-3.405703
-4.090873
-4.094901
-4.782080
-4.786774
-5.475961
-5.481321
-6.172512
-6.178535
-6.871728
-6.190571
-6.885095
-6.891773
-7.588292
-7.595631
-8.294144
-7.610296
-8.310134
-7.624946
-8.326107
-8.334086
-9.037233
-9.045869
-9.054499
-9.063125
-9.071746
-8.381872
-9.088973
-9.097579
-9.806656
-9.114778
-9.825167
-9.131955
-9.140536
-8.445336
-9.157686
-9.166253
-9.174814
-9.183371
-9.191921
-8.492740
-9.209009
-8.508503
-8.516377
-7.813894
-8.532113
-7.828309
-8.547829
-7.842706
-7.849897
-7.142804
-7.864267
-7.155859
-7.162381
-7.168899
-7.175412
-6.463729
-7.188426
-6.475434
-6.481281
-5.766332
-5.771523
-5.776709
-5.781893
-5.787073
-5.792250
-5.072745
-5.077268
-4.355819
-4.359691
-4.363560
-4.367427
-3.642743
-4.375153
-3.649176
-3.652389
-2.924480
-3.658809
-2.929613
-3.665220
-2.934738
-3.671622
-2.939856
-3.678015
-2.944966
-2.947519
-2.212552
-2.952618
-2.955165
-2.957710
-2.960253
-3.703493
-2.965334
-2.967871
-2.970407
-3.716176
-2.975473
-3.722503
-3.725663
-3.728820
-3.731976
-3.735128
-3.738278
-4.489711
-3.744571
-4.497257
-4.501025
-5.255589
-4.508553
-5.264365
-4.516069
-5.273127
-4.523573
-5.281875
-5.286242
-5.290607
-6.051394
-6.056374
-6.061350
-6.824613
-6.071290
-6.835786
-6.841366
-7.607712
-7.613902
-7.620087
-7.626265
-7.632439
-7.638607
-8.409247
-7.650928
-8.422789
-8.429551
-9.203244
-8.443058
-9.217966
-8.456541
-9.232661
-9.240001
-10.017942
-9.254657
-10.033807
-10.041728
-10.049644
-10.057549
-10.065451
-10.073342
-10.081228
-10.089106
-10.873669
-10.882136
-10.890599
-10.899052
-10.907496
-10.915935
-10.924364
-10.932786
-11.722713
-10.949606
-11.740717
-10.966393
-11.758686
-10.983149
-11.776623
-10.999871
-11.794523
-11.016562
-11.812388
-11.821308
-11.830219
-11.049847
-11.848015
-11.066440
-11.865775
-11.083000
-11.883499
-11.099526
-11.901189
-11.116018
-11.918842
-11.132479
-11.140697
-11.148905
-11.954042
-11.165297
-11.971586
-11.181655
-11.189822
-11.197979
-11.206129
-11.214271
-11.222403
-11.230526
-11.238640
-11.246747
-11.254844
-10.458438
-11.271012
-10.473435
-11.287146
-10.488400
-11.303246
-10.503333
-11.319309
-10.518232
-10.525671
-9.722861
-10.540521
-9.736553
-10.555338
-9.750216
-10.570122
-9.763848
-10.584871
-9.777448
-9.784236
-9.791018
-9.797789
-9.804555
-9.811314
-9.818062
-9.824803
-9.012242
-9.838264
-9.024565
-9.851690
-9.036860
-9.865087
-9.049126
-9.878451
-9.061361
-9.067469
-9.073568
-9.079659
-9.085745
-9.918351
-9.097893
-9.931587
-9.110010
-9.116058
-8.292816
-9.128131
-8.303778
-9.140174
-9.146183
-9.152186
-9.158181
-9.164168
-8.336499
-9.176121
-8.347351
-9.188043
-8.358174
-9.199934
-9.205868
-9.211794
-8.379739
-9.223624
-8.390478
-9.235422
-9.241310
-9.247190
-9.253061
-9.258926
-9.264782
-9.270632
-9.276472
-9.282305
-9.288131
-10.138851
-9.299757
-10.151518
-9.311352
-10.164149
-9.322915
-10.176747
-9.334446
-10.189309
-9.345945
-10.201837
-10.208087
-10.214329
-9.368848
-10.226786
-10.233001
-10.239208
-10.245405
-11.105893
-10.257773
-11.119273
-10.270107
-11.132615
-10.282404
-11.145917
-10.294666
-11.159182
-10.306891
-11.172406
-11.179005
-11.185593
-10.331235
-11.198739
-11.205297
-11.211846
-11.218386
-11.224915
-11.231434
-11.237942
-11.244442
-11.250930
-11.257410
-11.263879
-11.270339
-12.144234
-11.283227
-11.289657
-11.296076
-11.302485
-11.308885
-11.315273
-11.321651
-12.199408
-11.334379
-12.213092
-11.347066
-12.226732
-11.359712
-12.240329
-11.372317
-12.253881
-11.384881
-12.267389
-11.397405
-12.280854
-11.409885
-12.294274
-11.422326
-12.307649
-11.434726
-12.320980
-11.447083
-12.334265
-11.459399
-11.465540
-10.589236
-11.477793
-10.600528
-11.490005
-10.611779
-10.617391
-9.737743
-10.628585
-9.747987
-9.753095
-8.871085
-8.875712
-8.880331
-8.884943
-7.111636
-8.004726
-6.229109
-6.232314
-5.344725
-5.347462
-4.458495
-4.460768
-2.677822
-2.679180
-1.787024
-0.893963
0.000000
0.000000
1.790624
1.791519
2.688620
2.689959
4.485491
4.487713
6.285904
6.289004
7.190969
7.194498
8.097773
9.001919
9.906935
10.812818
11.719566
11.725234
12.633268
12.639349
14.451905
13.555150
15.369843
15.377169
16.289450
16.297174
17.210711
17.218832
18.133619
17.235027
18.150633
18.159111
19.075953
19.084820
20.002892
19.102501
20.021378
19.120108
19.128885
19.137644
19.146383
19.155104
20.076368
19.172491
19.181156
18.276005
19.198433
18.292423
18.300608
17.393333
18.316919
17.408796
17.416504
16.507130
16.514400
15.603783
15.610619
14.698765
14.705169
13.792087
13.798063
12.883759
12.889313
11.052732
11.978927
10.140349
11.066916
10.148988
10.153292
8.310753
8.314259
7.393560
7.396662
6.474787
6.477488
5.554442
5.556746
3.706031
3.707560
2.781814
2.782955
1.856062
1.856820
0.928787
0.929164
0.000000
0.000000
-0.930289
-0.930662
-1.862069
-1.862811
-2.795328
-2.796436
-3.730055
-3.731525
-4.666240
-4.668068
-5.603871
-5.606054
-6.542937
-5.610404
-6.547999
-6.550519
-7.489182
-7.492049
-8.431770
-8.434978
-9.375752
-9.379298
-9.382834
-9.386361
-10.328866
-9.393386
-10.336574
-10.340411
-11.284624
-11.288788
-11.292941
-11.297083
-11.301213
-11.305332
-12.251893
-11.313536
-12.260756
-12.265169
-12.269569
-12.273958
-12.278333
-11.337874
-12.287048
-12.291387
-12.295712
-12.300027
-12.304328
-12.308617
-12.312894
-11.369684
-12.321409
-11.377522
-12.329874
-11.385313
-12.338290
-11.393059
-11.396914
-10.450694
-11.404589
-10.457709
-10.461201
-10.464682
-10.468151
-9.519646
-10.475060
-9.525908
-9.529023
-8.578917
-9.535226
-8.584481
-8.587251
-8.590011
-8.592763
-7.640450
-7.642880
-7.645303
-7.647717
-6.693859
-6.695958
-6.698050
-6.700135
-5.744755
-5.746531
-4.790250
-5.750064
-4.793185
-5.753574
-4.796100
-5.757061
-4.798996
-4.800436
-3.841497
-4.803302
-3.843782
-4.806148
-3.846051
-4.808974
-3.848304
-4.811780
-3.850541
-3.851654
-3.852762
-4.817334
-3.854967
-4.820080
-3.857157
-4.822807
-3.859330
-4.825513
-3.861487
-4.828200
-4.829536
-4.830866
-4.832192
-5.800216
-4.834829
-5.803367
-4.837445
-5.806495
-5.808049
-6.777864
-5.811141
-6.781457
-6.783243
-6.785021
-6.786793
-7.758350
-6.790314
-7.762359
-7.764351
-8.737127
-8.739350
-8.741564
-8.743769
-9.717737
-8.748150
-9.722587
-9.724995
-10.700132
-10.702761
-11.678593
-10.707981
-11.684264
-10.713158
-11.689886
-11.692678
-11.695459
-11.698227
-12.676065
-11.703728
-12.681996
-11.709178
-12.687875
-11.714579
-12.693699
-12.696591
-13.676352
-12.702335
-13.682510
-12.708027
-13.688609
-12.713663
-13.694652
-12.719247
-13.700636
-13.703607
-13.706562
-13.709503
-13.712431
-13.715343
-13.718241
-13.721125
-14.704279
-13.726849
-14.710381
-13.732513
-13.735325
-13.738121
-13.740904
-13.743670
-14.728311
-13.749162
-14.734162
-13.754594
-13.757289
-13.759969
-13.762634
-13.765285
-13.767921
-13.770542
-13.773149
-13.775742
-13.778319
-13.780882
-13.783430
-12.801252
-13.788483
-12.805917
-13.793476
-13.795952
-13.798412
-12.815082
-13.803289
-12.819583
-12.821814
-12.824029
-13.812865
-12.828421
-13.817565
-12.832758
-12.834906
-12.837041
-12.839161
-11.853477
-12.843361
-11.857329
-12.847506
-11.861130
-12.851597
-11.864882
-11.866737
-11.868580
-11.870411
-11.872230
-11.874035
-11.875828
-11.877607
-10.889427
-11.881129
-10.892632
-11.884601
-10.895790
-11.888021
-10.898902
-11.891390
-10.901967
-10.903482
-9.913624
-10.906477
-9.916325
-10.909426
-9.918983
-10.912327
-9.921600
-10.915182
-9.924174
-10.917989
-9.926704
-10.920750
-9.929193
-10.923464
-9.931640
-10.926130
-9.934043
-10.928751
-9.936403
-10.931324
-9.938721
-10.933850
-9.940996
-10.936329
-9.943229
-10.938761
-9.945417
-10.941146
-9.947565
-10.943484
-9.949669
-10.945774
-9.951730
-10.948018
-9.953748
-10.950214
-9.955723
-10.952364
-9.957655
-10.954466
-10.955499
-10.956520
-9.961391
-10.958529
-9.963195
-10.960488
-9.964955
-10.962401
-10.963341
-10.964268
-10.965183
-10.966085
-9.969979
-10.967857
-10.968725
-10.969581
-10.970425
-10.971257
-10.972077
-10.972886
-9.976075
-10.974467
-10.975241
-10.976002
-10.976751
-11.975443
-10.978214
-11.977013
-10.979630
-10.980320
-10.980998
-11.979998
-10.982319
-11.981413
-10.983592
-11.982775
-10.984818
-11.984087
-10.985996
-11.985346
-10.987126
-11.986554
-11.987139
-11.987709
-11.988268
-11.988813
-11.989346
-11.989864
-11.990372
-12.990105
-11.991345
-12.991131
-11.992268
-12.992102
-11.993138
-12.993017
-11.993957
-12.993876
-11.994722
-12.994678
-12.995057
-12.995423
-11.996100
-12.996113
-11.996711
-12.996746
-12.997042
-12.997324
-12.997591
-12.997845
-12.998084
-12.998309
-12.998520
-12.998716
-12.998899
-12.999068
-12.999225
-13.999315
-12.999492
-12.999604
-12.999702
-12.999787
-12.999857
-12.999914
-12.999956
-13.999983
-12.999998
-13.999998
-12.999985
-13.999952
-12.999914
-13.999846
-12.999787
-13.999680
-12.999604
-13.999453
-12.999365
-13.999165
-12.999068
-13.998816
-12.998716
-13.998406
-12.998309
-13.997936
-12.997845
-12.997591
-11.997530
-12.997042
-11.996997
-12.996436
-11.996412
-11.996100
-10.996128
-10.995817
-9.995906
-10.995163
-9.995289
-9.994964
-8.995166
-8.994854
-7.995140
-7.994845
-6.995224
-6.994952
-4.996194
-4.995988
-3.996622
-3.996449
-2.997203
-2.997067
-0.998976
-0.998928
0.998879
0.998830
1.997558
1.997454
3.994695
3.994479
4.992823
5.991050
6.989157
7.987141
8.984998
8.984453
9.982109
10.979630
11.977013
11.976233
13.971350
13.970410
14.967276
14.966237
15.962862
15.961720
16.958097
16.956848
18.950354
18.948915
19.944691
19.943136
19.941559
19.939959
20.935255
19.936697
20.931784
20.930014
21.924803
20.926407
21.920977
21.919029
21.917057
20.918922
21.913040
20.915043
21.908932
20.911077
21.904728
20.907019
20.904955
19.907495
19.905487
18.908287
19.901409
18.904371
18.902382
17.905617
17.903694
16.907209
16.905357
15.909165
15.907388
14.911494
14.909796
13.914209
13.912594
11.923683
11.922274
10.927447
10.926130
9.931640
9.930422
8.936274
8.935160
7.941364
6.947811
5.954504
5.953735
4.960800
4.960149
3.967593
3.967064
2.974897
2.974494
0.991362
0.991226
0.000000
0.000000
-0.990809
-0.990668
-1.981053
-1.980767
-2.970718
-2.970282
-3.959791
-3.959203
-4.948261
-4.947515
-5.936115
-5.935205
-6.923338
-6.922263
-7.909921
-7.908675
-8.895847
-7.906157
-8.892997
-8.891558
-9.877898
-9.876278
-10.862111
-10.860305
-11.845623
-10.856658
-11.841619
-11.839599
-12.824029
-11.835520
-12.819583
-12.817340
-13.800858
-12.812811
-13.795952
-12.808228
-13.790987
-12.803591
-13.785964
-13.783430
-14.765231
-13.778319
-13.775741
-13.773149
-13.770542
-13.767921
-13.765285
-13.762634
-13.759969
-13.757289
-13.754595
-12.769608
-13.749162
-12.764536
-13.743670
-12.759411
-12.756827
-12.754230
-12.751620
-11.768305
-12.746360
-11.763424
-11.760964
-10.778618
-11.756008
-10.774053
-11.751003
-9.790402
-10.767119
-9.786169
-9.784037
-8.803704
-9.779741
-8.799820
-8.797865
-7.818577
-8.793924
-7.815059
-7.813287
-6.835069
-6.833504
-6.831933
-6.830353
-5.853230
-6.827174
-5.850492
-5.849114
-4.873108
-5.846339
-4.870786
-4.869617
-4.868443
-5.840717
-4.866080
-4.864891
-3.890957
-4.862497
-3.889035
-4.860084
-3.887095
-4.857649
-3.885139
-4.855195
-3.883168
-3.882176
-3.881180
-4.850224
-3.879175
-4.847709
-4.846444
-4.845173
-3.875118
-4.842617
-4.841332
-4.840041
-4.838746
-5.804934
-4.836139
-5.801795
-4.833513
-5.798631
-4.830866
-5.795443
-5.793840
-6.757603
-6.755719
-6.753828
-6.751929
-6.750024
-6.748112
-6.746193
-7.707734
-7.705524
-7.703307
-8.663717
-8.661205
-8.658684
-8.656154
-9.615127
-8.651067
-9.609455
-9.606605
-10.564117
-10.560960
-10.557791
-10.554611
-10.551421
-10.548219
-11.503645
-10.541784
-11.496601
-11.493061
-12.446969
-11.485947
-12.439236
-11.478785
-12.431452
-11.471577
-12.423616
-12.419680
-13.370787
-12.411769
-13.362239
-12.403807
-13.353638
-12.395793
-13.344982
-13.340632
-14.288860
-13.331894
-14.279469
-13.323102
-13.318686
-13.314255
-14.260511
-13.305354
-14.250946
-13.296399
-14.241322
-14.236488
-14.231641
-13.278327
-14.221902
-14.217010
-14.212105
-14.207185
-14.202250
-14.197302
-14.192339
-13.241536
-14.182369
-13.232205
-14.172342
-14.167308
-14.162258
-14.157195
-14.152117
-13.203891
-14.141920
-13.194346
-14.131665
-13.184750
-14.121354
-13.175098
-14.110986
-13.165395
-13.160523
-13.155638
-13.150741
-13.145829
-13.140905
-13.135968
-13.131018
-12.188478
-13.121078
-12.179224
-13.111084
-12.169922
-13.101039
-12.160570
-13.090943
-12.151170
-12.146451
-11.207742
-12.136979
-11.198976
-12.127459
-11.190166
-12.117888
-11.181311
-12.108273
-11.172412
-11.167945
-11.163468
-11.158980
-11.154481
-11.149971
-11.145450
-11.140917
-11.136374
-11.131820
-10.199983
-11.122679
-10.191584
-11.113494
-10.183144
-11.104265
-10.174665
-11.094994
-10.166145
-10.161871
-10.157587
-10.153292
-10.148988
-10.144673
-10.140349
-10.136015
-9.210610
-10.127317
-9.202684
-10.118580
-9.194724
-10.109803
-9.186728
-10.100988
-9.178696
-10.092133
-9.170628
-10.083240
-9.162524
-10.074306
-9.154386
-10.065333
-9.146212
-10.056323
-9.138002
-10.047273
-9.129759
-10.038185
-9.121478
-10.029058
-10.024480
-10.019892
-9.104814
-10.010689
-9.096429
-10.001447
-9.088010
-9.992166
-9.987512
-9.982847
-9.071067
-9.973491
-9.062544
-9.964095
-9.959385
-9.954663
-9.949932
-10.849301
-9.940443
-9.935685
-9.930916
-9.926139
-9.921351
-9.916556
-9.911751
-10.807566
-9.902111
-9.897277
-9.892434
-9.887582
-9.882721
-9.877850
-9.872970
-10.765179
-9.863182
-10.754480
-9.853356
-9.848430
-9.843494
-9.838550
-9.833595
-10.722145
-9.823660
-10.711287
-9.813688
-10.700388
-9.803680
-10.689449
-9.793635
-10.678473
-10.672969
-10.667455
-10.661932
-10.656399
-10.650854
-10.645303
-10.639739
-11.520348
-10.628584
-11.508243
-10.617391
-11.496096
-10.606158
-11.483904
-10.594887
-11.471672
-10.583576
-11.459398
-10.572227
-11.447083
-10.560840
-11.434726
-10.549414
-11.422326
-11.416111
-11.409886
-11.403649
-11.397405
-11.391148
-11.384882
-11.378605
-11.372317
-10.491711
-11.359712
-11.353395
-12.219916
-11.340728
-11.334379
-10.456635
-11.321651
-11.315273
-11.308885
-11.302485
-11.296076
-10.421221
-11.283228
-10.409343
-10.403390
-10.397428
-10.391456
-9.520019
-10.379484
-9.509027
-9.503520
-8.634549
-8.629527
-7.762047
-7.757514
-7.752974
-7.748426
-6.883442
-6.879387
-6.015911
-6.012353
-4.291993
-4.289444
-3.429513
-3.427468
-2.569065
-2.567527
-0.855329
-0.854814
0.000000
0.853784
1.706535
1.705500
2.556696
2.555140
4.255970
4.253369
5.951071
5.947420
6.792872
7.637275
8.480622
8.475378
9.317137
9.311352
10.997478
10.990622
11.828660
11.821256
13.501535
12.649734
13.484555
13.476048
15.150970
14.300186
15.972420
15.122143
16.791676
15.941908
16.770226
15.921504
16.748716
16.737940
17.563511
16.716349
17.540810
16.694700
17.518047
16.672998
17.495232
16.651237
16.640337
16.629427
16.618498
15.777179
16.596601
15.756350
15.745919
14.907290
14.897381
14.060378
14.051000
13.215630
13.206779
12.373046
12.364728
11.532643
11.524860
10.694421
10.687177
9.858395
9.851691
9.024566
9.018408
7.373652
7.368603
6.545375
6.540874
5.719323
5.715378
4.895509
4.076765
3.259149
3.256883
2.440962
2.439259
0.812518
1.623898
0.000000
0.000000
-0.810238
-0.809667
-2.427284
-1.617044
-2.423846
-2.422124
-3.227200
-3.224899
-4.028244
-4.830434
-5.631466
-5.627423
-6.426713
-6.422081
-7.219623
-7.214400
-8.010194
-8.004378
-8.798412
-8.792003
-9.584277
-9.577271
-10.367776
-9.563233
-10.352554
-10.344934
-11.132480
-11.124253
-11.910020
-11.901190
-11.892349
-11.883500
-11.874640
-11.865773
-12.647360
-12.637883
-13.417671
-12.618899
-12.609397
-12.599882
-12.590357
-12.580824
-13.356985
-12.561731
-13.336680
-12.542600
-13.316334
-12.523434
-12.513835
-11.722713
-12.494612
-11.704675
-12.475355
-11.686604
-11.677555
-10.890597
-11.659433
-10.873670
-10.865192
-10.081228
-10.848214
-10.065451
-10.057549
-9.276593
-9.269287
-8.490146
-8.483436
-7.706109
-8.469999
-7.693884
-7.687765
-6.913475
-6.907956
-6.135496
-6.896906
-6.125665
-6.120743
-5.351339
-5.347024
-4.579463
-5.338386
-4.572051
-4.568340
-3.803857
-3.800759
-3.038127
-3.794556
-3.033161
-3.030675
-2.271140
-3.025697
-2.267403
-2.265533
-1.509107
-2.261787
-1.506608
-2.258035
-1.504104
-1.502851
-1.501597
-1.500342
-1.499086
-1.497828
-1.496570
-1.495311
-1.494051
-1.492790
-1.491528
-1.490265
-1.489001
-2.231605
-1.486470
-2.227805
-1.483936
-2.224001
-2.222096
-2.220190
-2.218282
-2.955165
-2.214464
-2.950069
-2.947519
-3.681208
-2.942412
-3.674820
-2.937298
-3.668422
-3.665220
-4.394420
-4.390571
-5.117840
-4.382867
-5.108847
-4.375153
-5.099840
-5.095331
-5.090819
-5.086307
-5.807759
-5.802592
-6.522099
-6.516282
-6.510457
-6.504629
-7.220886
-7.214402
-7.928707
-7.201423
-7.914419
-7.907268
-8.618306
-7.892953
-8.602678
-8.594857
-9.302616
-9.294135
-9.999926
-9.990778
-10.694597
-10.684787
-11.386631
-11.376150
-12.076016
-12.064867
-12.762756
-12.750937
-13.446837
-12.727275
-13.421851
-12.703588
-13.396830
-13.384309
-14.075558
-13.359248
-14.049163
-14.035952
-14.022733
-13.309034
-13.996277
-13.983035
-13.969786
-13.956533
-13.943271
-13.929998
-13.916720
-13.208262
-13.890144
-13.183002
-13.863536
-13.157711
-13.145059
-13.132396
-13.119726
-12.417205
-13.094367
-12.393171
-12.381144
-12.369109
-13.043571
-12.345026
-12.332972
-11.636417
-12.308848
-11.613622
-11.602220
-11.590807
-11.579390
-11.567966
-11.556540
-10.865981
-10.855214
-10.844441
-10.833664
-10.146454
-10.812097
-10.126222
-10.116098
-9.432241
-10.095840
-9.413322
-9.403856
-8.723359
-9.384914
-8.705762
-8.696956
-8.688146
-8.679335
-8.003554
-7.995411
-7.321659
-7.979114
-7.306716
-7.962806
-7.291758
-7.284275
-7.276790
-7.269300
-6.601643
-6.594828
-6.588010
-6.581192
-6.574368
-6.567543
-5.904642
-6.553884
-5.892345
-5.886192
-5.880036
-5.873878
-5.215751
-5.861557
-5.204792
-5.849224
-5.193828
-5.836884
-5.182853
-5.824533
-5.171870
-5.812175
-5.160881
-5.799806
-5.149882
-5.144382
-5.138877
-5.133371
-5.127863
-5.762649
-5.116843
-5.750245
-5.105814
-5.737833
-5.094778
-5.725414
-5.083734
-5.712986
-5.706770
-5.700551
-5.694329
-5.688106
-5.681880
-5.675656
-5.669426
-6.292439
-5.656962
-6.278588
-5.644493
-6.264727
-5.632014
-6.250858
-6.243922
-6.236982
-6.230041
-6.845407
-6.216154
-6.830127
-6.202257
-6.814836
-6.188352
-6.799539
-6.174443
-6.784232
-6.776576
-6.768919
-6.761259
-6.753597
-6.745933
-6.738266
-6.730601
-7.334106
-6.715259
-7.317366
-6.699912
-7.300620
-6.684556
-7.283864
-6.669193
-7.267103
-6.653825
-7.250332
-7.241943
-7.233557
-7.225164
-7.216771
-6.607677
-7.199979
-6.592284
-7.183182
-6.576881
-7.166376
-6.561476
-6.553770
-5.950965
-6.538352
-5.936947
-5.929938
-5.330634
-5.915913
-5.318008
-5.311697
-4.715894
-4.710280
-4.116581
-4.111667
-3.520074
-3.515861
-2.926372
-2.922860
-1.751609
-1.749501
-1.164928
-1.163522
0.000000
0.000000
0.579652
0.578949
1.734737
1.732627
2.307355
2.304541
3.452589
3.448367
4.018167
4.013240
4.580928
5.147207
5.712079
5.705037
6.267792
6.260044
6.820688
6.812233
7.937741
7.361599
8.483582
8.473013
9.026603
9.015325
9.004045
8.992768
9.542830
9.530843
10.078788
9.506866
10.053403
10.040708
10.028011
10.015315
10.002622
9.989923
9.977224
9.964524
9.951825
9.939127
9.926426
9.362962
9.901023
9.338973
9.326976
8.767038
9.302980
8.744453
8.733165
8.176754
8.166168
7.611875
7.601996
7.049821
7.040645
6.490586
6.482116
5.934178
5.926413
5.380590
5.373531
4.293180
4.823475
3.746651
3.741711
3.202946
3.198712
2.662065
2.658536
1.593004
1.590888
1.059181
1.057769
0.528179
0.527473
0.000000
0.000000
-1.050714
-1.049303
-1.571839
-1.569723
-2.090142
-2.087321
-2.605626
-2.602100
-3.118288
-2.595048
-3.109827
-2.587998
-3.101368
-2.580949
-3.092909
-3.088682
-3.598529
-3.080225
-3.588663
-3.583731
-3.578801
-3.573870
-4.078788
-4.073154
-4.575962
-4.061889
-4.563288
-4.556952
-5.056241
-5.049204
-5.042167
-5.035131
-5.530903
-5.021061
-5.515430
-5.507693
-5.999955
-5.492224
-5.983083
-5.974648
-5.966214
-5.957781
-6.445131
-5.940922
-6.426867
-6.417737
-6.408608
-5.907216
-6.390357
-5.890369
-6.372110
-6.362992
-6.353872
-5.856696
-6.335638
-5.839867
-5.831457
-5.823047
-5.814637
-5.806230
-5.797826
-5.306970
-5.781019
-5.291566
-5.283866
-4.796519
-5.268474
-4.782527
-4.775533
-4.768542
-4.761552
-4.279106
-4.272817
-3.792470
-4.260244
-3.781297
-3.775712
-3.770128
-3.764547
-3.289095
-3.284212
-2.810855
-3.274450
-2.802491
-2.798310
-2.328442
-2.789951
-2.321479
-2.317998
-1.851615
-2.311039
-1.846050
-1.843268
-1.840487
-1.837707
-1.834928
-1.832150
-1.829372
-1.826595
-1.367864
-1.821044
-1.363702
-1.815496
-1.812723
-1.809950
-1.807180
-1.804409
-1.351230
-1.798871
-1.796103
-1.793336
-1.790570
-2.234755
-1.785040
-2.227846
-1.779514
-2.220940
-2.217489
-2.214040
-2.210591
-2.648571
-2.644435
-2.640301
-2.636169
-2.632037
-2.627907
-3.061074
-3.056260
-3.051446
-3.046634
-3.476370
-3.470875
-3.465383
-3.459892
-3.886203
-3.448915
-3.873860
-3.867692
-4.290584
-4.283735
-4.276889
-4.270047
-4.689527
-4.256368
-4.674486
-4.666972
-5.083046
-4.651949
-5.066664
-4.636938
-5.050297
-5.042118
-5.453437
-5.025769
-5.435736
-5.426889
-5.834819
-5.409208
-5.815786
-5.391544
-5.796772
-5.373893
-5.777771
-5.768281
-6.170133
-5.749306
-5.739824
-5.730348
-6.129512
-5.711410
-6.109228
-5.692486
-6.088965
-5.673584
-6.068719
-5.654696
-6.048494
-5.635828
-6.028286
-6.018188
-6.008097
-5.998013
-5.987931
-5.977854
-5.967782
-5.560536
-5.947656
-5.937599
-5.927547
-5.917500
-5.907462
-5.897425
-5.887394
-5.485544
-5.867350
-5.466846
-5.847324
-5.448164
-5.827320
-5.429507
-5.807340
-5.410866
-5.401553
-5.392248
-5.382945
-5.373648
-5.364355
-5.355068
-5.345788
-4.955332
-5.327240
-4.938118
-5.308715
-4.920927
-5.290209
-4.903752
-5.271725
-4.886600
-4.878031
-4.494892
-4.860907
-4.479096
-4.843805
-4.463317
-4.826722
-4.447557
-4.809661
-4.431819
-4.423956
-4.416098
-4.408247
-4.400398
-4.392555
-4.384716
-4.376882
-4.004967
-4.361231
-3.990628
-4.345599
-3.976310
-4.329988
-3.962007
-4.314396
-3.947723
-4.298826
-3.933460
-3.926335
-3.919214
-4.267746
-3.904989
-4.252236
-3.890781
-3.883685
-3.524177
-3.869508
-3.511296
-3.855349
-3.848279
-3.841211
-3.834149
-3.827091
-3.472764
-3.812993
-3.459955
-3.798913
-3.447164
-3.784855
-3.434393
-3.770816
-3.421639
-3.756799
-3.408906
-3.742800
-3.396189
-3.728822
-3.383493
-3.714867
-3.370815
-3.700930
-3.358157
-3.687017
-3.345516
-3.673124
-3.332895
-3.659253
-3.320296
-3.645402
-3.307714
-3.631575
-3.295153
-3.617767
-3.282611
-3.603981
-3.270090
-3.590220
-3.257587
-3.576478
-3.245107
-3.562761
-3.232645
-3.549064
-3.542223
-3.535391
-3.528562
-3.521739
-3.195384
-3.508112
-3.501306
-3.494506
-3.487712
-3.797370
-3.474142
-3.782580
-3.460594
-3.767813
-3.447071
-3.753073
-3.433569
-3.738357
-3.731009
-3.723669
-3.716333
-3.709004
-3.701682
-3.694368
-3.687059
-3.986403
-3.672461
-3.970602
-3.657890
-3.954832
-3.643345
-3.939088
-3.628828
-3.923376
-3.614335
-3.907691
-3.599870
-3.892037
-3.585434
-3.876411
-3.571023
-3.860816
-3.556642
-3.845249
-3.542286
-3.829714
-3.527960
-3.520806
-3.513659
-3.506519
-3.499389
-3.492263
-3.194716
-3.478033
-3.181686
-3.175180
-2.880619
-2.874716
-2.581937
-2.862930
-2.571341
-2.566050
-2.276235
-1.987600
-1.700140
-1.696628
-1.410932
-1.408011
-1.124075
-1.121742
-0.559706
-0.558543
0.000000
0.000000
0.277530
0.276950
0.829115
0.827381
1.376081
1.373197
1.918441
1.914413
2.456213
2.451044
2.989409
2.983105
3.247429
3.510614
3.772664
3.764677
4.293371
4.284263
4.542362
4.799336
5.055186
5.044421
5.298596
5.287287
5.803591
5.791184
6.041460
6.028515
6.277132
6.002670
6.250199
6.236754
6.482631
6.468659
6.712897
6.440770
6.683921
6.412941
6.655015
6.640593
6.626183
6.611791
6.597416
6.583064
6.568724
6.302310
6.288556
6.274818
6.261103
5.997504
6.233714
5.722441
5.958141
5.449631
5.437648
5.179058
5.167652
4.910721
4.899882
4.644604
4.634334
4.380707
4.371003
3.876721
3.868117
3.618306
3.610261
3.362078
3.354589
2.868952
2.862552
2.618145
2.612292
2.132547
2.127773
1.887114
1.882880
1.643820
1.405822
1.168884
1.166252
0.930899
0.928799
0.695028
0.693457
0.230630
0.230108
0.000000
0.000000
-0.228546
-0.228027
-0.455017
-0.453983
-0.679423
-0.677875
-1.127214
-1.124641
-1.346487
-1.343408
-1.563722
-1.560140
-1.556565
-1.552994
-1.770774
-1.766705
-2.203302
-1.978408
-2.412484
-2.188110
-2.401367
-2.395823
-2.607585
-2.601553
-2.811824
-2.805310
-2.798807
-2.792313
-3.000123
-2.779353
-2.986190
-2.979238
-3.184605
-2.965368
-3.169767
-3.162368
-3.154978
-3.147600
-3.140233
-3.132881
-3.333907
-3.118206
-3.318278
-3.103578
-3.302703
-3.089000
-3.287176
-3.074466
-3.271701
-3.059982
-3.256274
-3.045543
-3.038344
-2.829078
-3.023977
-2.815691
-2.809014
-2.602182
-2.795696
-2.589834
-2.782420
-2.577530
-2.571393
-2.367938
-2.362292
-2.356656
-2.351031
-2.149963
-2.339807
-2.139692
-2.134572
-1.935872
-1.931232
-1.733940
-1.921976
-1.725626
-1.721479
-1.717340
-1.713208
-1.519187
-1.515528
-1.322890
-1.508228
-1.316515
-1.313337
-1.310164
-1.306997
-1.117573
-1.114869
-0.926808
-1.109475
-0.922321
-1.104100
-0.917851
-0.915622
-0.913397
-0.911177
-0.727169
-0.906749
-0.723633
-0.902338
-0.720111
-0.897944
-0.895753
-0.893566
-0.713107
-0.889206
-0.709626
-0.884863
-0.882697
-0.880536
-0.878380
-0.876228
-0.874079
-0.871935
-0.869797
-1.041194
-0.865530
-1.036084
-1.033538
-1.202830
-1.028460
-1.196917
-1.023403
-1.191030
-1.018368
-1.185167
-1.182244
-1.347803
-1.344478
-1.341159
-1.337847
-1.334542
-1.331245
-1.493948
-1.490253
-1.651741
-1.482890
-1.643577
-1.639507
-1.635446
-1.631394
-1.790088
-1.623318
-1.781222
-1.776804
-1.933524
-1.767999
-1.923939
-1.759232
-1.914396
-1.909642
-1.904897
-1.900163
-2.053394
-1.890730
-2.043197
-1.881338
-2.033046
-2.027988
-2.022943
-2.017909
-2.167724
-2.007875
-2.156945
-1.997890
-2.146216
-1.987951
-2.135538
-1.978061
-2.124912
-2.119618
-2.114336
-2.109069
-2.103813
-1.948672
-2.093340
-2.088123
-2.082920
-2.077728
-2.072550
-2.067384
-2.062233
-1.910158
-2.051966
-1.900648
-2.041751
-2.036665
-2.031590
-2.026528
-2.021479
-1.872413
-2.011422
-1.863097
-2.001416
-1.853830
-1.991463
-1.844612
-1.981561
-1.835442
-1.830877
-1.826323
-1.821781
-1.817251
-1.812733
-1.808228
-1.803735
-1.660850
-1.794786
-1.652613
-1.648511
-1.644420
-1.777036
-1.636273
-1.768235
-1.628172
-1.624138
-1.485106
-1.616106
-1.477764
-1.608119
-1.470464
-1.600178
-1.463206
-1.592283
-1.455990
-1.452397
-1.448816
-1.445245
-1.441684
-1.438134
-1.434596
-1.431067
-1.297771
-1.424041
-1.291404
-1.288235
-1.285075
-1.410118
-1.278785
-1.403220
-1.272534
-1.269423
-1.266321
-1.263229
-1.134133
-1.257076
-1.254013
-1.250960
-1.247918
-1.244885
-1.117675
-1.238848
-1.112260
-1.232851
-1.106880
-1.226892
-1.101534
-1.220973
-1.096226
-1.215093
-1.090951
-1.209253
-1.085713
-1.203452
-1.080510
-1.197690
-1.075343
-1.191969
-1.070211
-1.186287
-1.065114
-1.180645
-1.060055
-1.175042
-1.055030
-1.169479
-1.050041
-1.163956
-1.045088
-1.158472
-1.040172
-1.153030
-1.150323
-1.147626
-1.030446
-1.142263
-1.025637
-1.136940
-1.020864
-1.131657
-1.016128
-1.126414
-1.011427
-1.121212
-1.006763
-1.116050
-1.002135
-1.110927
-0.997544
-1.105846
-0.992989
-1.100805
-0.988470
-1.095805
-0.983988
-1.090845
-0.979542
-1.085925
-1.083481
-1.081046
-0.970760
-1.076208
-0.966424
-1.071411
-1.069027
-1.066655
-1.064291
-1.061938
-1.059595
-1.057263
-1.054941
-1.157892
-1.050327
-1.152839
-1.045755
-1.147832
-1.041223
-1.142870
-1.036732
-1.137953
-1.032283
-1.133081
-1.130661
-1.128254
-1.125858
-1.123473
-1.121099
-1.118737
-1.116386
-1.114046
-1.111718
-1.210256
-1.107096
-1.205238
-1.102519
-1.200270
-1.097987
-1.195352
-1.093502
-1.190483
-1.089061
-1.185665
-1.084668
-1.180895
-1.080318
-1.176176
-1.076016
-1.171507
-1.169191
-1.166888
-1.164598
-1.162319
-1.063382
-1.157800
-1.059262
-1.153332
-1.055189
-1.148912
-1.051161
-1.049165
-0.951982
-1.045207
-0.948404
-0.946631
-0.850382
-0.943117
-0.847237
-0.845679
-0.750339
-0.655349
-0.560708
-0.559695
-0.465573
-0.464739
-0.371128
-0.370469
-0.277361
-0.276873
-0.092130
-0.091969
0.000000
0.000000
0.182988
0.182675
0.273547
0.364113
0.454376
0.544339
0.634005
0.632956
0.812461
0.811131
0.989767
0.988165
1.076262
1.164085
1.251635
1.249654
1.336810
1.423702
1.510333
1.508000
1.594255
1.591824
1.766014
1.763355
1.848752
1.846005
1.931056
1.840578
2.012936
1.922632
2.007138
2.004277
2.088459
1.998627
2.082614
1.993075
2.076872
1.987621
2.071232
2.068451
2.065696
1.977009
2.060261
1.971849
1.969308
1.881276
1.878891
1.876530
1.874192
1.786793
1.784606
1.697564
1.695524
1.608831
1.606934
1.520581
1.518822
1.432800
1.431176
1.345478
1.343983
1.174693
1.173416
1.088428
1.087269
1.002577
1.001533
0.917128
0.832904
0.748860
0.748116
0.664340
0.663696
0.580178
0.579629
0.413634
0.413254
0.330302
0.330006
0.164857
0.247070
0.082286
0.082216
0.000000
0.000000
-0.082013
-0.081948
-0.245651
-0.163641
-0.245274
-0.245091
-0.326548
-0.326312
-0.489121
-0.488780
-0.569854
-0.569471
-0.650396
-0.649976
-0.730760
-0.649162
-0.810960
-0.810479
-0.891009
-0.890503
-0.970919
-0.889527
-0.969880
-0.969380
-1.049634
-0.968419
-1.129284
-1.048136
-1.128254
-1.127761
-1.127284
-1.126822
-1.206830
-1.125942
-1.205920
-1.125124
-1.205076
-1.204678
-1.204296
-1.123668
-1.203582
-1.123032
-1.202932
-1.122456
-1.202347
-1.121940
-1.201827
-1.121486
-1.121281
-1.041014
-1.120917
-1.040704
-1.120614
-1.040451
-1.040345
-0.960234
-1.040176
-0.960104
-0.960059
-0.880024
-0.880006
-0.880000
