257.536491
254.756464
247.037263
234.548123
217.550377
196.392011
171.500557
143.374465
112.573132
79.705779
45.419405
10.386053
-24.710365
-59.187413
-92.377407
-123.640341
-152.376224
-178.036608
-200.135035
-218.256258
-232.064034
-241.307348
-245.824954
-245.548148
-240.501735
-230.803163
-216.659870
-198.364878
-176.290743
-150.881987
-122.646155
-92.143682
-59.976776
-26.777528
6.804503
40.115000
72.507646
103.356652
132.068852
158.095102
180.940786
200.175204
215.439690
226.454281
233.022836
235.036493
232.475433
225.408873
213.993347
198.469292
179.156007
156.445114
130.792620
102.709775
72.752891
41.512315
9.600808
-22.358479
-53.744172
-83.948758
-112.390339
-138.523839
-161.851462
-181.932153
-198.389938
-210.920951
-219.299026
-223.379759
-223.102953
-218.493409
-209.660076
-196.793547
-180.161993
-160.105595
-137.029602
-111.396153
-83.715033
-54.533534
-24.425640
6.019261
36.207915
65.554764
93.493302
119.487012
143.039665
163.704787
181.094121
194.884914
204.825888
210.741798
212.536488
210.194397
203.780481
193.438571
179.388206
161.920005
141.389673
118.210778
92.846424
65.800008
37.605232
8.815571
-20.006586
-48.300928
-75.520109
-101.140336
-124.671454
-145.666315
-163.729269
-178.523617
-189.777865
-197.290703
-200.934567
-200.657760
-196.485087
-188.516990
-176.927224
-161.959109
-143.920448
-123.177217
-100.146152
-75.286383
-49.090289
-22.073747
5.234023
32.300831
58.601882
83.629952
106.905174
127.984226
146.468785
162.013038
174.330142
183.197501
188.460766
190.036488
187.913366
182.152094
172.883800
160.307125
144.684005
126.334235
105.628938
82.983074
58.847127
33.698148
8.030332
-17.654697
-42.857686
-67.091460
-89.890336
-110.819072
-129.481172
-145.526388
-158.657295
-168.634782
-175.282384
-178.489379
-178.212571
-174.476767
-167.373908
-157.060906
-143.756229
-127.735305
-109.324837
-88.896154
-66.857736
-43.647048
-19.721859
4.448783
28.393746
51.649000
73.766600
94.323331
112.928786
129.232785
142.931957
153.775369
161.569111
166.179734
167.536489
165.632337
160.523708
152.329028
141.226045
127.448008
111.278799
93.047101
73.119727
51.894248
29.791067
7.245096
-15.302803
-37.414440
-58.662809
-78.640334
-96.966688
-113.296023
-127.323503
-138.790973
-147.491697
-153.274061
-156.044185
-155.767378
-152.468445
-146.230823
-137.194584
-125.553346
-111.550159
-95.472453
-77.646154
-58.429089
-38.203807
-17.369970
3.663543
24.486662
44.696115
63.903248
81.741490
97.873347
111.996786
123.850873
133.220595
139.940723
143.898702
145.036487
143.351302
138.895316
131.774253
122.144961
110.212006
96.223358
80.465259
63.256374
44.941364
25.883983
6.459859
-12.950911
-31.971196
-50.234160
-67.390332
-83.114300
-97.110875
-109.120619
-118.924651
-126.348610
-131.265738
-133.598992
-133.322186
-130.460123
-125.087738
-117.328262
-107.350463
-95.365013
-81.620069
-66.396153
-50.000440
-32.760563
-15.018078
2.878305
20.579577
37.743232
54.039898
69.159651
82.817908
94.760784
104.769791
112.665823
118.312336
121.617671
122.536489
121.070273
117.266931
111.219484
103.063881
92.976009
81.167922
67.883421
53.393025
37.988483
21.976900
5.674620
-10.599022
-26.527955
-41.805513
-56.140334
-69.261921
-80.925732
-90.917739
-99.058331
-105.205527
-109.257419
-111.153802
-110.876995
-108.451802
-103.944654
-97.461942
-89.147581
-79.179868
-67.767686
-55.146154
-41.571792
-27.317321
-12.666189
2.093065
16.672493
30.790349
44.176546
56.577809
67.762469
77.524784
85.688708
92.111048
96.683946
99.336638
100.036487
98.789239
95.638540
90.664708
83.982796
75.740006
66.112481
55.301578
43.529673
31.035600
18.069815
4.889381
-8.247131
-21.084711
-33.376863
-44.890331
-55.409534
-64.740584
-72.714854
-79.192008
-84.062441
-87.249095
-88.708609
-88.431803
-86.443480
-82.801569
-77.595619
-70.944696
-62.994720
-53.915301
-43.896152
-33.143141
-21.874077
-10.314297
1.307828
12.765410
23.837468
34.313196
43.995968
52.707030
60.288783
66.607625
71.556275
75.055556
77.055605
77.536485
76.508205
74.010150
70.109933
64.901712
58.504003
51.057040
42.719735
33.666318
24.082713
14.162727
4.104139
-5.895244
-15.641473
-24.948218
-33.640336
-41.557155
-48.555442
-54.511975
-59.325690
-62.919360
-65.240776
-66.263420
-65.986612
-64.435159
-61.658485
-57.729298
-52.741814
-46.809575
-40.062917
-32.646151
-24.714492
-16.430833
-7.962405
0.522591
8.858328
16.884588
24.449848
31.414131
37.651594
43.052786
47.526546
51.001505
53.427170
54.774576
55.036488
54.227177
52.381764
49.555162
45.820631
41.268005
36.001603
30.137896
23.802969
17.129832
10.255644
3.318900
-3.543354
-10.198230
-16.519570
-22.390336
-27.704772
-32.370297
-36.309092
-39.459369
-41.776276
-43.232455
-43.818228
-43.541421
-42.426838
-40.515401
-37.862978
-34.538932
-30.624429
-26.210535
-21.396152
-16.285845
-10.987592
-5.610516
-0.262649
4.951242
9.931704
14.586495
18.832288
22.596153
25.816784
28.445461
30.446729
31.798780
32.493542
32.536485
31.946143
30.753374
29.000387
26.739547
24.032003
20.946161
17.556053
13.939616
10.176948
6.348559
2.533661
-1.191464
-4.754987
-8.090920
-11.140334
-13.852387
-16.185148
-18.106206
-19.593044
-20.633188
-21.224131
-21.373034
-21.096228
-20.418515
-19.372316
-17.996655
-16.336048
-14.439282
-12.358150
-10.146150
-7.857195
-5.544348
-3.258625
-1.047888
1.044158
2.978821
4.723143
6.250446
7.540712
8.580781
9.364376
9.891954
10.170390
10.212509
10.036483
9.665109
9.124983
8.445612
7.658463
6.796002
5.890723
4.974214
4.076267
3.224069
2.441478
1.748426
1.160431
0.688261
0.337733
0.109670
0.000000
