240328.171875
226807.796875
239423.671875
225349.031250
237261.093750
222504.812500
233756.390625
218368.687500
229004.390625
213029.484375
223113.843750
206605.171875
216188.343750
199211.984375
208353.171875
190985.750000
199746.640625
182028.609375
190467.203125
172463.312500
180642.296875
162406.343750
170379.250000
151971.390625
159793.812500
141251.203125
148970.562500
130357.906250
138011.406250
119363.445312
127010.968750
108378.210938
116048.789062
97480.570312
105216.515625
86743.835938
94584.671875
76233.000000
84218.515625
66024.726562
74168.765625
56144.886719
64483.367188
46662.164062
55193.773438
37600.621094
46351.339844
28996.232422
37984.527344
20858.761719
30093.792969
13219.130859
22702.486328
6089.193848
15827.573242
-530.246643
9473.569336
-6614.369141
3648.067139
-12159.480469
-1627.538330
-17175.044922
-6376.659180
-21650.443359
-10587.750000
-25582.775391
-14238.284180
-28975.347656
-17366.318359
-31815.994141
-19943.562500
-34118.472656
-21968.615234
-35864.117188
-23448.531250
-37059.121094
-24363.150391
-37702.468750
-24731.847656
-37791.847656
-24546.435547
-37339.601562
-23829.103516
-36342.808594
-22567.015625
-34832.921875
-20802.843750
-32808.785156
-18540.578125
-30307.755859
-15795.567383
-27350.875000
-12628.219727
-23963.669922
-9049.146484
-20205.722656
-5109.053223
-16097.970703
-868.084534
-11713.093750
3647.271973
-7094.894043
8376.069336
-2268.332764
13269.132812
2680.889160
18272.138672
7725.095215
23328.841797
12793.767578
28394.236328
17844.693359
33415.128906
22831.773438
38358.828125
27706.771484
43177.492188
32459.642578
47842.812500
37039.031250
52331.601562
41421.832031
56611.496094
45609.804688
60686.964844
49569.027344
64546.632812
53319.867188
68179.992188
56852.757812
71595.148438
60153.375000
74778.585938
63228.546875
77734.328125
66067.476562
80445.000000
68646.867188
82918.281250
70995.179688
85128.773438
73093.671875
87092.625000
74930.507812
88811.273438
76534.898438
90275.648438
77872.953125
91493.281250
78974.828125
92470.640625
79822.078125
93203.992188
80458.820312
93711.281250
80838.796875
93987.648438
81000.093750
94035.742188
80947.570312
93861.023438
80681.742188
93490.257812
80213.203125
92911.382812
79535.070312
92140.695312
78666.289062
91190.804688
77629.781250
90055.406250
76440.851562
88784.750000
75102.664062
87396.015625
73646.140625
85879.523438
72091.445312
84288.523438
70463.781250
82620.507812
68772.945312
80926.796875
67083.140625
79213.718750
65382.207031
77528.218750
63716.535156
75882.414062
62118.437500
74318.062500
60597.382812
72852.593750
59202.414062
71526.562500
57950.839844
70355.632812
56872.121094
69367.445312
55972.136719
68560.304688
55283.527344
67971.281250
54803.613281
67589.515625
54528.957031
67436.117188
54482.992188
67481.820312
54647.761719
67758.476562
55026.531250
68229.656250
55624.558594
68909.648438
56383.273438
69758.882812
57308.507812
70752.625000
58368.917969
71872.117188
59549.781250
73092.304688
60806.566406
74380.960938
62123.972656
75699.125000
63461.355469
77045.335938
64808.296875
78392.359375
66143.078125
79714.273438
67471.664062
81017.039062
68765.445312
82305.148438
70049.328125
83561.625000
71283.828125
84785.500000
72498.148438
85974.476562
73669.492188
87119.890625
74799.601562
88225.203125
75884.296875
89284.343750
76930.671875
90286.109375
77899.343750
91228.523438
78814.609375
92102.390625
79655.085938
92902.656250
80425.890625
93644.859375
81119.960938
94285.062500
81720.281250
94834.359375
82233.632812
95288.445312
82640.531250
95634.765625
82939.671875
95882.812500
83136.492188
96013.179688
83209.640625
96024.906250
83172.867188
95921.804688
83012.562500
95694.242188
82713.781250
95306.070312
82261.984375
94783.867188
81657.421875
94083.140625
80879.117188
93210.398438
79912.835938
92149.156250
78764.281250
90897.640625
77424.789062
89459.078125
75897.015625
87836.031250
74191.507812
86049.617188
72319.539062
84085.765625
70289.328125
81983.195312
68126.210938
79746.054688
65838.539062
77404.187500
63447.246094
74956.750000
60970.148438
72442.406250
58433.457031
69885.335938
55875.863281
67326.312500
53332.988281
64800.230469
50839.460938
62326.105469
48413.542969
59948.660156
46105.007812
57700.398438
43933.996094
55610.496094
41936.496094
53698.066406
40126.468750
51989.601562
38515.980469
50479.050781
37136.289062
49209.980469
35987.230469
48170.964844
35075.734375
47362.320312
34385.527344
46782.257812
33930.777344
46446.632812
33698.878906
46317.187500
33706.738281
46421.597656
33915.476562
46735.218750
34330.796875
47232.835938
34929.359375
47919.187500
35705.507812
48770.808594
36630.710938
49765.257812
37717.214844
50911.316406
38917.960938
52161.082031
40224.015625
53519.039062
41629.468750
54947.132812
43093.527344
56433.226562
44599.410156
57930.777344
46103.625000
59425.890625
47593.714844
60896.031250
49057.363281
62326.304688
50460.582031
63697.550781
51809.734375
64998.027344
53079.632812
66222.601562
54267.167969
67367.695312
55373.648438
68424.601562
56386.019531
69376.132812
57291.054688
70212.671875
58071.398438
70934.671875
58742.746094
71545.046875
59308.148438
72044.781250
59759.652344
72433.960938
60099.019531
72708.109375
60324.562500
72868.148438
60440.503906
72935.835938
60450.921875
72884.492188
60358.937500
72732.273438
60152.328125
72469.625000
59848.023438
72096.890625
59430.960938
71629.812500
58923.058594
71064.218750
58314.257812
70404.531250
57619.695312
69652.460938
56824.500000
68817.093750
55959.433594
67897.171875
55007.421875
66900.132812
53976.902344
65822.046875
52867.199219
64667.000000
51684.261719
63439.148438
50427.238281
62142.386719
49100.992188
60780.519531
47719.347656
59362.007812
46298.261719
57920.871094
44846.214844
56453.328125
43385.195312
54991.976562
41940.968750
53548.789062
40525.812500
52149.082031
39158.664062
50805.781250
37854.296875
49538.542969
36629.636719
48355.886719
35516.296875
47284.628906
34513.367188
46348.703125
33648.394531
45533.554688
32909.906250
44860.546875
32328.986328
44351.269531
31895.529297
44002.207031
31636.990234
43807.175781
31521.279297
43764.605469
31569.843750
43879.210938
31772.357422
44142.515625
32092.955078
44519.667969
32539.386719
45025.253906
33113.457031
45645.250000
33807.484375
46382.371094
34606.144531
47239.640625
35528.289062
48203.492188
36549.335938
49276.789062
37686.347656
50457.117188
38929.132812
51760.832031
40291.261719
53164.191406
41761.710938
54676.785156
43342.863281
56303.648438
45030.339844
58043.683594
46827.539062
59894.968750
48746.625000
61858.136719
50779.796875
63949.867188
52933.632812
66146.531250
55197.894531
68456.312500
57563.195312
70869.125000
60033.488281
73380.914062
62596.089844
75975.828125
65231.003906
78639.476562
67928.273438
81346.609375
70661.406250
84074.882812
73407.148438
86816.757812
76147.953125
89531.859375
78852.054688
92206.695312
81493.789062
94806.671875
84063.390625
97322.960938
86546.812500
99735.093750
88886.382812
101996.562500
91076.960938
104092.335938
93090.515625
105993.835938
94893.539062
107691.375000
96479.226562
109133.054688
97809.085938
110333.960938
98879.421875
111265.726562
99701.304688
111932.140625
100239.507812
112336.539062
100513.343750
112458.265625
100502.617188
112307.367188
100242.468750
111909.312500
99707.789062
111257.750000
98953.804688
110373.750000
97977.312500
109280.671875
96783.195312
107979.117188
95397.367188
106500.656250
93843.414062
104850.570312
92132.585938
103061.179688
90263.242188
101110.625000
88262.890625
99027.156250
86129.750000
96830.335938
83882.992188
94515.765625
81522.500000
92085.671875
79037.148438
89544.125000
76462.070312
86904.101562
73783.406250
84170.265625
71010.992188
81342.984375
68143.929688
78428.734375
65199.515625
75428.476562
62174.300781
72372.546875
59099.015625
69252.257812
55973.039062
66105.289062
52828.273438
62959.910156
49691.906250
59806.156250
46566.050781
56684.281250
43464.324219
53615.367188
40437.253906
50607.714844
37486.609375
47697.937500
34643.601562
44888.757812
31889.650391
42184.554688
29266.705078
39621.496094
26780.841797
37191.484375
24433.548828
34899.691406
22231.796875
32765.242188
20183.179688
30794.699219
18292.685547
28985.460938
16578.169922
27344.056641
15041.436523
25884.203125
13685.646484
24616.281250
12519.333008
23534.158203
11551.490234
22656.480469
10765.312500
21957.923828
10191.835938
21474.923828
9817.258789
21191.994141
9646.281250
21110.882812
9681.002930
21237.474609
9910.412109
21564.699219
10350.731445
22093.031250
10984.286133
22806.349609
11805.894531
23710.154297
12794.106445
24778.191406
13962.339844
26018.478516
15294.432617
27427.027344
16782.476562
28977.738281
18435.728516
30691.216797
20223.908203
32550.648438
22162.894531
34533.679688
24225.476562
36648.113281
26392.699219
38861.257812
28660.470703
41161.167969
31024.960938
43551.718750
33455.210938
46007.179688
35956.996094
48522.414062
38500.164062
51075.101562
41082.261719
53668.937500
43693.316406
56271.554688
46313.726562
58883.175781
48929.605469
61479.000000
51515.687500
64040.136719
54064.503906
66556.781250
56559.179688
69005.273438
58974.425781
71358.796875
61292.480469
73619.015625
63498.261719
75759.562500
65598.109375
77775.445312
67565.703125
79670.656250
69397.929688
81429.101562
71087.562500
83034.609375
72627.101562
84479.125000
74006.703125
85781.000000
75227.546875
86911.945312
76297.000000
87896.187500
77211.132812
88715.257812
77957.937500
89382.445312
78565.718750
89898.609375
79022.148438
90272.664062
79323.265625
90490.328125
79483.335938
90552.101562
79468.164062
90450.007812
79292.945312
90173.140625
78936.382812
89711.070312
78386.671875
89057.039062
77644.351562
88204.054688
76712.171875
87164.671875
75595.992188
85955.656250
74302.460938
84555.023438
72827.328125
82985.039062
71189.257812
81251.820312
69370.867188
79340.929688
67408.890625
77284.554688
65283.167969
75083.125000
63025.582031
72744.632812
60638.519531
70290.109375
58124.183594
67705.820312
55510.039062
65030.652344
52801.976562
62280.886719
50032.753906
59480.699219
47235.570312
56656.367188
44426.300781
53856.511719
41653.117188
51102.617188
38925.363281
48398.515625
36287.660156
45786.582031
33750.687500
43315.007812
31359.220703
40991.074219
29142.251953
38863.761719
27133.800781
36956.812500
25348.117188
35286.707031
23834.082031
33902.089844
22601.900391
32812.007812
21684.117188
32043.480469
21099.386719
31616.566406
20857.253906
31540.279297
20972.117188
31819.716797
21432.251953
32441.888672
22237.589844
33399.042969
23358.255859
34664.039062
24792.330078
36221.652344
26489.878906
38030.429688
28423.031250
40057.234375
30557.988281
42275.343750
32867.679688
44653.191406
35326.878906
47156.003906
37898.675781
49759.625000
40546.757812
52429.585938
43251.046875
55145.460938
45992.300781
57873.730469
48725.773438
60589.113281
51437.699219
63269.316406
54100.371094
65888.312500
56685.898438
68408.453125
59158.351562
70813.671875
61505.367188
73074.437500
63698.609375
75163.859375
65703.710938
77065.476562
67515.539062
78738.492188
69083.023438
80186.781250
70409.304688
81372.898438
71482.789062
82284.156250
72260.562500
82929.742188
72779.593750
83288.179688
73008.687500
83371.578125
72959.523438
83170.093750
72642.656250
82704.187500
72054.875000
81978.296875
71217.742188
81010.695312
70141.484375
79806.492188
68839.132812
78384.992188
67331.890625
76766.843750
65624.281250
74956.156250
63739.671875
72968.390625
61678.167969
70831.429688
59488.367188
68564.148438
57183.437500
66203.773438
54802.855469
63783.062500
52369.062500
61314.933594
49903.921875
58840.179688
47446.933594
56388.250000
45034.246094
53995.738281
42697.703125
51696.812500
40468.847656
49512.386719
38351.355469
47456.980469
36389.085938
45559.605469
34581.875000
43831.761719
32950.371094
42275.289062
31497.500000
40895.593750
30223.601562
39701.257812
29144.984375
38712.398438
28268.923828
37914.980469
27576.261719
37318.992188
27090.707031
36900.449219
26783.490234
36675.269531
26644.125000
36618.500000
26677.992188
36712.980469
26864.636719
36953.863281
27181.343750
37318.855469
27615.798828
37799.144531
28167.435547
38399.261719
28839.693359
39110.722656
29611.519531
39924.742188
30489.527344
40842.621094
31477.761719
41867.457031
32559.554688
42970.984375
33724.406250
44168.539062
34962.312500
45439.562500
36276.214844
46761.984375
37639.941406
48141.339844
39046.664062
49551.175781
40486.988281
50979.503906
41929.449219
52414.859375
43358.152344
53817.605469
44770.265625
55200.597656
46137.863281
56532.789062
47456.460938
57800.023438
48697.183594
58990.843750
49860.496094
60085.851562
50919.472656
61080.417969
51868.039062
61964.402344
52707.625000
62739.308594
53437.585938
63393.789062
54042.683594
63925.175781
54524.132812
64317.785156
54854.746094
64574.152344
55047.773438
64674.816406
55087.148438
64621.527344
54962.773438
64409.550781
54669.250000
64028.007812
54233.984375
63484.058594
53629.828125
62799.328125
52875.300781
61951.820312
51976.539062
60980.308594
50957.566406
59900.230469
49839.046875
58721.910156
48640.093750
57471.449219
47371.175781
56166.601562
46041.519531
54799.203125
44669.660156
53388.433594
43257.000000
51939.808594
41800.324219
50456.320312
40312.324219
48937.355469
38786.062500
47389.613281
37232.761719
45807.824219
35668.757812
44215.164062
34075.910156
42621.437500
32498.859375
41036.859375
30944.732422
39493.835938
29448.544922
38026.640625
28035.562500
36643.367188
26720.554688
35373.687500
25528.896484
34236.746094
24465.533203
33233.937500
23547.824219
32371.902344
22775.968750
31660.062500
22150.583984
31095.216797
21665.279297
30680.490234
21340.019531
30415.328125
21162.345703
30299.111328
21141.177734
30346.681641
21278.925781
30538.587891
21550.134766
30871.982422
21968.054688
31346.355469
22519.804688
31951.404297
23196.386719
32671.386719
23995.144531
33511.265625
24896.292969
34454.621094
25898.128906
35488.804688
26996.636719
36632.378906
28198.775391
37866.925781
29488.720703
39183.000000
30864.212891
40584.871094
32316.328125
42065.296875
33845.117188
43621.984375
35447.777344
45240.105469
37108.046875
46911.683594
38824.320312
48636.402344
40576.894531
50407.691406
42378.277344
52205.558594
44212.769531
54037.386719
46067.203125
55886.035156
47936.414062
57745.683594
49802.148438
59605.761719
51677.726562
61461.234375
53529.984375
63281.832031
55336.738281
65059.792969
57112.160156
66785.796875
58814.742188
68444.273438
60450.941406
70013.312500
61978.382812
71475.351562
63387.933594
72821.125000
64681.113281
74017.117188
65825.054688
75073.382812
66809.507812
75959.914062
67623.781250
76672.953125
68264.867188
77214.359375
68716.312500
77553.398438
68976.593750
77697.726562
69034.789062
77642.398438
68887.421875
77376.007812
68529.117188
76906.546875
67970.531250
76225.085938
67203.710938
75352.750000
66244.382812
74288.031250
65105.265625
73041.968750
63784.968750
71625.343750
62305.523438
70065.375000
60691.359375
68363.796875
58939.921875
66548.718750
57095.695312
64642.609375
55164.195312
62665.855469
53166.101562
60634.265625
51131.375000
58559.039062
49058.917969
56463.968750
46965.667969
54363.308594
44878.542969
52269.933594
42808.953125
50191.648438
40763.699219
48159.898438
38774.894531
46176.796875
36839.191406
44258.218750
34967.906250
42422.371094
33190.367188
40671.812500
31511.734375
39026.058594
29934.724609
37503.757812
28484.812500
36111.281250
27165.390625
34844.097656
25992.947266
33737.207031
24967.507812
32775.160156
24095.564453
31965.867188
23378.029297
31312.000000
22812.714844
30813.609375
22405.419922
30467.574219
22152.687500
30278.035156
22055.150391
30238.335938
22104.740234
30352.566406
22294.326172
30600.919922
22618.068359
30973.154297
23060.361328
31449.916016
23603.595703
32021.871094
24224.957031
32667.324219
24912.115234
33370.132812
25648.457031
34113.085938
26421.345703
34883.195312
27217.992188
35678.429688
28027.759766
36471.308594
28840.074219
37279.609375
29648.656250
38066.589844
30450.527344
38842.718750
31225.140625
39586.050781
31957.701172
40282.343750
32648.380859
40939.753906
33279.871094
41523.445312
33851.164062
42043.953125
34340.300781
42478.355469
34752.519531
42831.890625
35069.992188
43094.578125
35287.277344
43251.566406
35411.128906
43310.019531
35430.207031
43260.792969
35340.250000
43109.449219
35157.820312
42864.250000
34874.882812
42513.128906
34485.937500
42070.527344
34015.210938
41533.011719
33442.609375
40920.441406
32805.316406
40232.027344
32098.386719
39471.265625
31326.513672
38650.156250
30491.076172
37781.570312
29607.652344
36857.054688
28680.937500
35900.812500
27718.166016
34912.781250
26733.382812
33905.152344
25734.326172
32888.113281
24724.472656
31866.283203
23722.103516
30857.050781
22736.503906
29868.427734
21774.833984
28910.398438
20848.792969
27980.664062
19960.021484
27116.951172
19144.009766
26321.601562
18401.697266
25602.640625
17738.228516
24969.923828
17160.308594
24430.189453
16685.888672
23999.972656
16326.451172
23687.462891
16084.875000
23493.187500
15968.565430
23420.660156
15979.125000
23487.234375
16120.314453
23692.664062
16413.058594
24036.113281
16847.246094
24529.623047
17421.169922
25169.230469
18151.421875
25956.050781
19026.191406
26892.763672
20048.960938
27974.628906
21204.914062
29179.164062
22493.775391
30515.072266
23899.134766
31977.447266
25431.082031
33544.066406
27071.009766
35221.003906
28814.177734
37004.355469
30646.001953
38864.738281
32561.951172
40799.757812
34542.636719
42796.988281
36571.097656
44830.070312
38633.539062
46887.113281
40704.199219
48947.289062
42768.203125
50983.507812
44804.089844
52975.453125
46779.917969
54908.382812
48681.339844
56746.839844
50489.902344
58489.296875
52181.871094
60101.832031
53734.410156
61572.054688
55139.851562
62878.671875
56375.324219
64017.269531
57440.343750
64980.109375
58324.328125
65753.203125
59012.980469
66346.234375
59518.523438
66740.242188
59836.957031
66944.976562
59967.718750
66974.015625
59913.171875
66809.507812
59682.355469
66488.070312
59282.578125
65996.773438
58722.386719
65338.468750
58003.957031
64532.484375
57139.550781
63583.621094
56138.496094
62498.507812
54997.839844
61286.257812
53740.492188
59955.375000
52360.300781
58508.644531
50885.644531
56981.019531
49325.687500
55364.515625
47689.070312
53682.070312
45991.746094
51949.457031
44249.351562
50174.640625
42476.765625
48372.789062
40690.007812
46572.617188
38898.312500
44774.769531
37125.878906
43004.277344
35381.839844
41262.488281
33674.121094
39563.484375
32012.695312
37912.296875
30402.587891
36311.500000
28837.400391
34765.941406
27333.041016
33276.421875
25889.812500
31853.527344
24510.291016
30499.587891
23205.488281
29208.644531
21964.830078
27991.732422
20802.789062
26860.785156
19716.876953
25802.621094
18716.191406
24830.744141
17795.416016
23939.033203
16956.931641
23118.376953
16194.526367
22384.455078
15509.764648
21732.369141
14908.799805
21151.314453
14389.525391
20665.683594
13951.455078
20254.488281
13601.135742
19936.482422
13336.261719
19706.892578
13170.652344
19575.335938
13094.353516
19533.751953
13121.637695
19599.603516
13242.070312
19762.431641
13476.373047
20030.066406
13809.621094
20396.812500
14228.024414
20857.197266
14750.332031
21402.595703
15352.797852
22030.492188
16030.615234
22733.205078
16775.701172
23497.507812
17577.625000
24312.542969
18432.017578
25172.867188
19320.296875
26062.080078
20233.509766
26972.464844
21162.958984
27889.042969
22087.169922
28793.835938
23001.216797
29678.416016
23879.548828
30526.691406
24715.966797
31328.775391
25506.109375
32078.810547
26241.931641
32771.292969
26901.509766
33378.824219
27495.089844
33913.753906
27996.750000
34363.140625
28408.876953
34716.222656
28732.583984
34975.839844
28952.205078
35141.039062
29081.886719
35203.382812
29118.775391
35182.847656
29062.591797
35073.484375
28920.076172
34870.433594
28689.111328
34583.015625
28367.185547
34206.320312
27966.175781
33749.945312
27483.273438
33221.835938
26933.417969
32624.568359
26322.000000
31966.312500
25649.076172
31256.150391
24928.566406
30503.500000
24168.826172
29716.556641
23381.603516
28900.310547
22568.013672
28076.451172
21754.402344
27247.992188
20946.421875
26432.886719
20152.828125
25633.949219
19372.445312
24862.089844
18631.193359
24132.023438
17937.572266
23453.345703
17301.871094
22834.021484
16735.691406
22286.980469
16242.770508
21830.937500
15843.852539
21463.742188
15535.171875
21192.097656
15326.195312
21024.707031
15219.019531
20952.302734
15216.974609
20989.906250
15315.787109
21122.919922
15511.655273
21358.425781
15805.715820
21681.945312
16183.928711
22098.183594
16649.837891
22586.568359
17190.666016
23141.742188
17795.832031
23773.935547
18465.050781
24458.068359
19187.841797
25185.333984
19942.625000
25948.248047
20730.503906
26732.882812
21537.179688
27530.230469
22347.775391
28330.898438
23159.187500
29119.974609
23954.476562
29891.750000
24722.873047
30636.880859
25463.183594
31350.736328
26168.736328
32022.839844
26833.515625
32650.597656
27451.175781
33235.546875
28034.228516
33788.367188
28574.242188
34297.546875
29080.689453
34773.925781
29554.375000
35221.429688
29999.515625
35648.664062
30432.833984
36067.042969
30862.228516
36472.472656
31282.330078
36882.968750
31706.078125
37297.687500
32138.048828
37724.550781
32588.193359
38180.574219
33062.679688
38657.527344
33570.148438
39168.132812
34110.277344
39710.070312
34684.296875
40293.453125
35300.835938
40914.117188
35948.312500
41574.140625
36635.792969
42261.566406
37356.542969
42984.156250
38106.441406
43736.460938
38877.406250
44499.511719
39660.812500
45275.382812
40444.187500
46044.554688
41217.839844
46795.132812
41976.285156
47536.058594
42713.675781
48244.187500
43415.289062
48910.593750
44071.511719
49521.917969
44659.042969
50064.726562
45171.078125
50524.304688
45600.832031
50887.207031
45927.550781
51152.832031
46145.187500
51296.632812
46241.468750
51310.714844
46196.996094
51186.613281
46010.750000
50910.734375
45673.976562
50479.390625
45172.164062
49893.472656
44518.394531
49147.750000
43708.917969
48246.726562
42740.609375
47193.953125
41626.355469
45996.351562
40370.007812
44657.578125
38980.394531
43197.675781
37473.917969
41626.453125
35862.812500
39954.527344
34158.910156
38191.730469
32372.740234
36367.406250
30528.625000
34484.867188
28637.925781
32568.798828
26716.566406
30616.900391
24779.603516
28670.097656
22841.382812
26724.707031
20916.708984
24800.558594
19019.861328
22907.320312
17159.869141
21054.917969
15345.890625
19257.546875
13596.291016
17532.421875
11917.796875
15884.539062
10322.593750
14325.161133
8829.646484
12869.638672
7441.120605
11524.479492
6165.698730
10298.595703
5011.975586
9193.543945
3980.976562
8216.752930
3080.877686
7360.852539
2300.092041
6629.857910
1636.891602
6013.912109
1090.646362
5514.170898
659.043457
5123.177246
328.193024
4832.968750
97.822510
4639.285156
-31.171247
4539.460449
-76.490036
4529.218750
-32.958763
4605.609375
94.133736
4755.177246
290.820557
4979.777344
562.642517
5275.337891
905.771240
5639.721191
1311.613770
6072.250000
1787.699707
6564.226562
2322.073975
7116.186035
2919.466797
7731.859375
3570.608887
8404.771484
4277.555176
9120.749023
5023.635742
9876.032227
5808.797363
10665.041016
6621.263184
11473.784180
7447.480469
12295.015625
8279.447266
13116.192383
9107.700195
13925.747070
9926.858398
14727.032227
10727.977539
15505.897461
11507.595703
16260.767578
12259.516602
16988.583984
12982.809570
17686.818359
13680.863281
18359.171875
14350.597656
19001.462891
14988.773438
19614.251953
15599.458008
20204.253906
16179.514648
20755.056641
16731.765625
21284.427734
17256.677734
21780.660156
17746.703125
22239.205078
18192.261719
22651.162109
18594.298828
23019.037109
18949.880859
23340.818359
19253.085938
23606.412109
19507.210938
23825.369141
19712.830078
23995.574219
19871.777344
24126.263672
19998.011719
24225.900391
20094.986328
24304.302734
20177.287109
24370.710938
20254.371094
24436.263672
20329.720703
24505.972656
20420.478516
24595.658203
20529.929688
24707.972656
20671.488281
24857.681641
20853.902344
25053.453125
21083.570312
25297.693359
21363.822266
25595.880859
21705.669922
25947.699219
22096.121094
26355.712891
22541.335938
26820.453125
23043.427734
27334.197266
23598.023438
27901.904297
24192.451172
28509.021484
24831.207031
29150.699219
25499.238281
29817.623047
26187.593750
30507.345703
26892.875000
31210.228516
27611.111328
31916.607422
28327.433594
32621.830078
29040.531250
33318.039062
29737.732422
33992.359375
30413.380859
34643.710938
31058.755859
35257.000000
31660.595703
35824.363281
32212.320312
36338.109375
32705.689453
36786.363281
33131.867188
37165.230469
33480.359375
37465.113281
33748.527344
37683.316406
33935.214844
37811.730469
34027.457031
37850.460938
34033.070312
37794.925781
33940.449219
37648.695312
33757.109375
37412.398438
33492.496094
37089.816406
33136.375000
36684.824219
32702.318359
36202.187500
32192.070312
35645.574219
31609.517578
35016.929688
30958.072266
34326.230469
30245.958984
33571.160156
29475.039062
32763.703125
28651.951172
31906.250000
27781.634766
31002.748047
26862.400391
30053.484375
25904.226562
29057.447266
24897.228516
28019.125000
23854.960938
26947.673828
22773.322266
25846.470703
21671.287109
24721.503906
20545.589844
23574.994141
19400.089844
22417.140625
18250.093750
21251.265625
17095.017578
20090.621094
15947.140625
18938.375000
14816.205078
17806.371094
13703.160156
16699.476562
12618.930664
15621.247070
11571.172852
14579.318359
10555.164062
13566.067383
9570.115234
12593.828125
8630.554688
11656.212891
7714.919434
10752.844727
6839.207520
9885.449219
5997.313965
9050.378906
5186.907227
8246.759766
4415.060547
7479.819824
3676.179932
6750.007324
2976.812012
6061.311523
2312.387695
5407.223633
1691.327393
4798.086914
1118.767944
4237.687988
588.890259
3719.854004
108.496605
3255.919922
-318.602661
2850.292480
-687.474121
2499.822998
-991.475464
2220.028809
-1228.904419
2008.255005
-1395.090820
1871.452515
-1481.662598
1818.560913
-1477.785767
1854.899048
-1388.681396
1980.446533
-1207.254639
2198.836670
-933.409912
2507.988770
-575.338257
2902.071045
-128.572678
3379.613525
399.365814
3932.227539
995.774902
4553.322754
1664.276001
5244.554199
2396.640137
6002.564941
3191.716309
6815.679688
4042.628418
7682.462891
4940.891602
8591.835938
5884.862793
9548.518555
6869.331543
10540.468750
7886.365723
11562.906250
8930.318359
12610.049805
9995.786133
13672.229492
11072.368164
14744.894531
12152.355469
15813.654297
13229.100586
16871.861328
14292.270508
17918.572266
15332.809570
18935.925781
16340.867188
19914.763672
17309.146484
20850.919922
18230.351562
21736.257812
19098.277344
22566.373047
19906.291016
23337.654297
20656.332031
24047.636719
21347.150391
24699.183594
21980.587891
25297.156250
22556.843750
25832.480469
23072.199219
26309.488281
23524.150391
26720.101562
23914.683594
27067.236328
24236.814453
27351.464844
24500.082031
27571.222656
24692.832031
27726.306641
24826.824219
27815.310547
24891.080078
27839.527344
24888.402344
27792.076172
24813.882812
27669.259766
24669.552734
27476.376953
24443.302734
27205.529297
24140.751953
26852.533203
23759.376953
26424.865234
23304.437500
25920.271484
22771.753906
25347.623047
22173.515625
24707.357422
21509.541016
24002.197266
20783.138672
23237.673828
20002.382812
22422.304688
19165.330078
21552.923828
18285.160156
20643.509766
17366.064453
19693.388672
16408.179688
18711.601562
15419.964844
17698.373047
14407.566406
16674.160156
13384.534180
15634.625000
12352.533203
14591.674805
11319.753906
13553.193359
10296.091797
12528.854492
9286.928711
11523.962891
8306.785156
10551.273438
7360.379883
9616.246094
6457.586426
8727.739258
5605.605957
7897.565430
4817.386230
7132.446777
4098.084473
6449.113281
3462.478027
5848.226074
2918.486572
5342.831055
2470.952881
4937.106934
2125.091309
4638.075684
1888.371460
4450.896484
1762.305054
4369.857422
1753.088623
4407.251465
1850.850586
4553.323242
2061.760254
4812.452637
2383.415283
5181.688965
2811.951904
5650.110840
3339.696289
6217.405762
3958.864258
6871.863281
4661.266113
7606.758301
5442.575684
8411.483398
6287.426270
9278.099609
7185.327637
10194.352539
8132.344727
11148.768555
9113.051758
12133.930664
10112.629883
13133.834961
11129.107422
14143.279297
12142.593750
15146.117188
13149.268555
16136.998047
14137.567383
17103.343750
15093.623047
18032.628906
16009.768555
18916.787109
16876.970703
19746.416016
17681.501953
20515.048828
18424.261719
21215.601562
19094.361328
21835.869141
19681.464844
22371.636719
20181.437500
22816.132812
20589.664062
23170.246094
20906.302734
23431.341797
21126.484375
23598.599609
21253.408203
23670.056641
21285.519531
23644.955078
21223.318359
23529.306641
21069.693359
23321.423828
20824.724609
23026.929688
20498.527344
22655.570312
20096.564453
22204.958984
19617.257812
21685.257812
19073.080078
21104.839844
18474.103516
20466.716797
17817.558594
19779.376953
17116.833984
19049.419922
16376.483398
18282.402344
15600.658203
17482.177734
14793.404297
16661.406250
13968.808594
15818.449219
13133.685547
14972.336914
12298.357422
14131.714844
11467.801758
13297.750000
10652.162109
12488.951172
9864.386719
11708.085938
9107.644531
10959.349609
8384.739258
10251.481445
7706.246582
9585.109375
7074.305664
8970.630859
6492.209473
8407.496094
5962.765137
7896.822266
5485.050781
7438.356934
5061.937012
7033.332031
4689.135742
6679.488281
4373.028809
6383.582520
4111.271973
6139.281738
3900.133545
5949.607422
3743.705811
5813.405273
3642.218262
5728.287598
3589.971191
5696.127441
3592.344238
5718.084961
3647.836426
5790.352051
3752.424072
5914.712402
3909.259277
6087.532715
4112.287109
6309.164551
4366.078125
6577.627930
4662.938477
6886.564453
4997.684082
7231.408691
5363.157227
7605.689941
5757.403320
8003.674805
6173.871582
8421.900391
6606.345703
8854.943359
7050.805176
9293.471680
7499.332520
9735.816406
7948.576172
10175.445312
8389.267578
10601.399414
8815.707031
11014.913086
9226.153320
11404.502930
9611.243164
11771.303711
9974.711914
12113.263672
10308.055664
12430.550781
10620.866211
12723.017578
10908.077148
12990.882812
11170.234375
13234.218750
11406.429688
13450.594727
11616.064453
13639.166992
11798.530273
13804.077148
11955.666992
13937.771484
12081.128906
14041.242188
12175.742188
14112.092773
12237.367188
14149.367188
12262.527344
14149.711914
12250.652344
14111.969727
12201.937500
14038.330078
12116.381836
13926.089844
11992.820312
13778.976562
11833.836914
13593.337891
11637.565430
13370.456055
11403.222656
13113.585938
11135.552734
12823.630859
10837.695312
12505.239258
10508.846680
12157.052734
10157.203125
11785.647461
9784.196289
11397.496094
9391.881836
10989.624023
8985.140625
10571.080078
8569.808594
10146.023438
8147.410156
9715.243164
7722.362793
9282.090820
7301.285156
8858.950195
6886.509277
8441.501953
6483.435059
8041.546387
6099.384277
7660.078613
5736.065918
7303.778809
5400.241211
6972.625977
5086.971191
6667.854492
4804.205078
6394.396484
4554.449219
6154.202148
4339.994629
5951.814453
4159.523926
5785.329590
4019.235596
5657.145996
3917.104004
5568.397949
3852.789551
5516.880371
3827.070312
5504.492188
3841.556641
5530.726074
3892.012207
5592.379883
3976.660156
5684.450684
4087.237793
5805.876953
4226.745605
5952.747070
4392.388672
6121.328125
4581.441406
6314.066406
4785.416504
6522.195312
5007.563477
6743.416992
5239.895508
6976.062500
5483.716309
7214.336914
5728.642578
7457.074219
5980.065430
7700.519043
6227.350098
7939.587891
6468.827637
8170.882812
6703.803223
8396.485352
6927.923828
8609.372070
7142.879883
8809.276367
7341.531250
8993.865234
7522.932617
9163.608398
7689.027832
9311.929688
7835.623535
9442.111328
7962.305176
9556.088867
8071.375488
9649.535156
8162.032227
9724.243164
8231.364258
9777.656250
8280.932617
9809.994141
8311.849609
9826.105469
8322.441406
9821.054688
8315.419922
9801.818359
8295.121094
9765.931641
8258.160156
9716.478516
8207.914062
9653.574219
8141.631348
9573.463867
8060.980957
9482.620117
7969.276855
9378.624023
7866.579590
9266.025391
7753.722168
9142.214844
7633.599609
9012.666992
7508.078613
8878.116211
7375.674316
8739.332031
7238.013672
8593.502930
7097.509766
8443.890625
6952.627930
8290.763672
6803.227051
8135.300781
6651.029297
7978.137207
6501.080566
7821.496094
6351.709473
7667.868652
6203.124023
7516.177246
6061.875977
7372.982422
5927.760254
7237.734375
5805.171875
7116.210449
5696.241211
7008.602051
5600.009766
6914.635742
5520.261230
6839.882324
5460.175293
6782.508301
5416.493164
6743.048340
5393.227539
6722.675293
5385.016602
6716.573730
5393.381348
6729.422852
5420.562500
6756.627930
5459.302734
6800.615723
5518.153320
6859.669434
5589.634766
6933.057129
5673.651367
7018.176270
5770.766113
7115.828613
5878.072754
7220.666016
5990.508301
7332.526367
6111.251953
7449.925293
6235.275391
7572.040527
6364.387207
7698.243164
6499.150879
7828.262695
6635.116699
7959.680176
6773.125488
8092.698242
6909.750977
8224.821289
7044.514160
8352.976562
7175.990234
8477.519531
7305.662598
8600.354492
7430.323730
8716.117188
7547.812012
8826.124023
7658.695801
8928.468750
7763.829590
9026.718750
7863.017090
9119.300781
7956.231934
9203.704102
8046.741211
9286.749023
8130.982422
9362.015625
8210.300781
9434.354492
8284.562500
9502.773438
8354.923828
9565.818359
8423.587891
9628.695312
8490.033203
9687.876953
8551.551758
9742.160156
8609.019531
9791.201172
8660.432617
9833.170898
8701.656250
9867.276367
8734.287109
9887.963867
8755.491211
9895.691406
8759.005859
9888.537109
8747.846680
9863.310547
8718.479492
9817.686523
8666.491211
9750.778320
8593.727539
9661.083984
8497.096680
9549.518555
8378.000000
9413.914062
8237.668945
9255.659180
8071.024902
9073.640625
7883.335938
8870.293945
7673.561035
8643.203125
7438.881836
8392.600586
7181.608887
8120.097656
6904.108887
7826.689941
6603.731934
7511.860352
6282.697754
7175.610840
5942.208496
6821.033691
5584.330078
6448.267578
5207.118652
6060.119141
4816.813965
5658.925293
4412.560059
5242.164551
3995.690674
4818.443848
3572.442383
4385.585938
3142.485596
3948.961182
2711.029785
3513.952881
2280.699707
3079.518311
1852.197632
2651.031006
1432.632080
2231.859619
1023.624146
1823.687988
627.954590
1432.536865
249.957199
1060.176392
-108.265320
710.177673
-441.306610
384.370300
-748.529480
87.231873
-1026.560547
-180.674973
-1274.889160
-417.112457
-1492.369385
-622.371582
-1675.829102
-792.594788
-1824.564087
-928.715210
-1939.279663
-1028.188477
-2017.015747
-1091.116577
-2056.023193
-1117.367554
-2059.943848
-1105.744629
-2025.855347
-1056.705444
-1955.420776
-972.130310
-1848.102051
-851.695801
-1706.430176
-698.122742
-1531.999268
-511.531403
-1327.868530
-295.894318
-1091.664551
-50.816223
-830.341675
221.022079
-541.539856
519.773987
-224.788193
843.418274
115.032333
1191.928223
480.122467
1565.514771
869.873413
1963.257080
1281.335205
2382.608643
1716.695435
2823.332031
2170.531738
3282.289307
2640.892090
3756.868652
3125.295410
4243.371582
3621.372070
4738.751953
4123.442871
5240.285645
4629.285645
5743.773438
5136.045410
6244.861328
5638.437500
6738.424316
6131.469727
7223.458496
6612.589355
7692.166504
7076.458984
8140.468262
7516.829590
8566.399414
7932.873047
8962.157227
8315.425781
9326.677734
8664.415039
9651.916016
8975.470703
9937.981445
9244.043945
10182.888672
9470.348633
10382.268555
9653.219727
10538.788086
9789.447266
10648.372070
9879.818359
10713.580078
9925.586914
10733.062500
9927.415039
10709.164062
9886.373047
10643.734375
9803.552734
10536.241211
9680.868164
10391.421875
9520.955078
10208.307617
9325.211914
9993.435547
9098.557617
9749.017578
8845.595703
9479.401367
8566.417969
9184.783203
8266.985352
8873.229492
7950.057617
8545.388672
7620.690918
8207.793945
7282.438965
7863.568848
6941.401855
7517.458008
6598.059082
7171.211914
6256.908203
6828.463379
5919.107910
6489.646484
5588.494141
6159.530273
5265.793457
5836.788086
4952.779785
5526.541504
4653.850098
5231.479980
4368.331055
4949.592773
4099.295410
4686.216797
3847.716797
4438.770996
3612.254639
4209.190430
3395.528076
3999.358887
3199.045654
3808.088135
3019.625977
3635.033691
2859.046631
3480.779541
2718.669922
3345.524414
2595.995605
3228.981689
2492.670410
3130.265137
2404.785645
3045.586182
2330.735107
2974.137695
2268.878418
2913.180420
2214.797852
2860.880127
2171.173340
2817.072998
2133.280029
2779.313965
2101.255127
2746.378662
2072.790283
2714.492920
2043.713135
2682.970459
2014.329834
2649.486572
1984.255981
2615.611084
1952.706909
2579.766602
1920.061646
2542.760254
1885.989624
2504.012695
1847.498047
2461.829346
1808.141724
2418.836426
1768.035522
2375.057373
1726.429321
2328.042236
1684.326538
2284.786621
1643.637695
2242.440918
1605.692505
2202.346680
1569.231445
2164.098877
1536.271973
2130.657471
1507.564209
2100.506348
1482.701782
2074.769287
1464.029175
2056.235596
1450.447388
2042.517822
1443.213745
2034.918213
1440.573730
2033.362549
1446.025024
2040.838135
1461.523315
2057.266357
1484.442627
2080.792236
1514.313110
2110.321777
1550.337280
2146.510498
1591.366943
2188.747070
1639.302734
2236.231934
1692.364258
2288.134033
1750.236938
2346.024902
1811.228027
2405.333008
1874.930298
2466.460205
1938.868652
2528.465088
2002.798096
2588.603027
2063.774414
2645.998779
2123.985107
2701.667236
2180.843506
2753.403076
2233.693848
2803.080078
2283.426270
2847.207031
2328.061768
2887.310059
2369.577637
2924.059814
2406.189453
2956.163574
2438.305664
2982.739014
2465.455322
3004.363525
2488.005615
3021.460693
2504.798828
3034.250732
2517.331299
3041.561279
2527.621094
3047.701172
2534.275879
3050.961914
2538.921631
3050.289551
2538.597900
3045.669922
2534.740723
3036.725342
2525.970703
3021.488037
2509.755859
3001.007080
2489.963135
2974.689941
2462.466064
2941.565430
2430.776123
2903.977051
2392.467285
2861.104980
2350.262695
2812.584229
2301.434082
2760.373291
2249.398438
2702.809570
2193.143799
2641.616943
2132.151855
2577.471436
2069.958252
2512.125244
2007.164551
2445.928467
1944.606445
2382.616455
1884.616211
2322.820801
1830.397583
2267.457520
1780.341675
2218.548096
1737.316772
2177.125977
1702.188599
2143.822754
1674.968750
2116.735352
1653.463379
2096.415527
1639.013184
2082.150146
1629.646362
2073.288818
1626.316406
2070.441650
1628.981079
2071.341064
1633.607178
2076.786377
1644.435181
2087.922852
1662.334717
2108.017822
1688.619019
2136.289551
1723.497925
2172.385498
1765.871216
2214.833496
1814.137695
2263.141846
1868.278076
2318.292725
1927.466431
2378.115967
1992.615234
2443.080322
2061.399902
2511.778809
2133.737549
2584.004150
2209.989990
2659.229492
2288.319336
2734.428467
2365.312256
2809.560303
2441.430908
2882.673096
2516.040039
2954.268311
2588.740723
3023.046143
2658.199219
3087.956787
2721.877686
3147.729004
2781.937988
3202.255371
2835.110596
3249.707275
2880.511475
3287.955811
2914.898193
3315.364502
2939.697754
3333.498047
2954.300049
3339.718994
2956.979492
3334.506348
2948.425293
3318.479248
2928.812744
3291.142334
2897.270752
3252.287842
2855.233643
3202.356934
2800.630127
3141.040527
2737.208984
3070.011475
2662.937500
2988.790283
2579.600098
2899.532471
2487.491455
2801.828857
2388.976807
2698.334717
2285.030762
2590.733398
2177.979736
2480.458984
2069.262939
2369.986816
1961.034668
2260.669189
1855.150146
2154.156494
1751.923950
2050.743164
1652.690430
1951.919189
1558.577393
1858.870850
1470.966675
1772.160522
1389.720703
1692.829224
1316.305908
1621.761230
1251.719727
1559.665039
1195.476929
1506.666016
1149.258667
1463.447998
1112.840698
1429.541260
1086.452637
1407.326050
1071.471802
1394.730469
1065.607178
1392.584961
1070.970215
1400.785645
1086.052368
1419.180908
1111.258667
1447.432007
1145.547485
1483.510498
1188.872559
1529.429932
1240.143799
1581.984619
1297.194946
1639.137817
1358.872314
1700.662354
1423.574951
1764.587524
1490.152832
1830.843628
1559.242798
1898.423584
1629.328125
1965.892212
1697.594971
2031.976562
1764.655884
2096.616455
1829.884766
2158.200684
1891.363892
2216.189209
1948.594971
2269.002686
2000.000488
2315.301270
2044.964966
2355.266846
2083.263916
2388.506348
2115.158936
2415.032227
2139.384277
2433.509033
2156.059326
2444.638916
2164.612793
2447.548096
2165.362549
2442.088867
2157.729980
2428.669434
2141.833496
2407.049561
2117.844482
2377.535156
2085.244385
2339.573975
2046.003784
2295.023438
1999.343018
2243.230469
1944.818481
2183.729736
1884.822876
2118.996826
1817.715332
2046.913330
1744.838867
1970.007935
1667.395386
1888.409058
1584.352051
1801.434570
1498.589722
1712.304443
1409.103882
1620.204468
1317.713623
1526.604248
1225.358398
1431.409424
1130.802856
1335.955078
1037.618042
1241.914429
946.117188
1150.055176
857.181152
1060.304810
770.501587
974.031494
687.796753
892.608948
610.570862
816.936218
539.046692
746.938293
474.066895
683.669128
416.116852
628.239868
364.808990
578.705750
319.898438
535.257996
282.186462
500.064972
251.739990
472.100006
228.545364
450.711029
212.032837
436.107056
203.419113
429.123932
201.080795
429.022034
206.460358
436.614594
217.682709
448.808075
235.467926
468.999939
259.679596
494.152710
289.503326
525.137817
324.015564
561.041565
364.438477
602.053345
407.924530
646.098022
455.775330
694.745728
506.431580
745.457214
560.078735
798.903931
616.539978
854.991028
673.517883
910.817688
731.636230
967.911011
790.581665
1025.823608
848.956909
1082.360474
906.778564
1138.164185
962.405212
1191.322510
1016.319946
1242.956055
1067.815063
1291.595215
1115.642334
1336.925781
1161.080078
1378.970825
1201.977661
1416.584839
1238.767822
1450.076538
1271.371338
1480.166016
1300.476685
1506.507690
1325.979736
1528.589722
1348.332275
1548.119019
1366.871338
1563.705933
1382.336060
1576.446045
1393.941040
1584.530151
1400.984253
1588.619385
1404.318848
1589.050415
1404.396484
1586.437988
1401.671021
1580.527588
1395.861084
1572.476074
1387.102417
1561.693604
1376.312256
1547.647217
1362.236572
1531.671875
1346.224365
1513.203003
1327.505859
1493.080078
1308.568970
1472.279175
1288.194946
1449.869629
1266.838989
1426.950928
1244.506714
1403.621338
1222.940063
1381.101440
1200.836182
1358.035034
1179.313477
1335.502319
1158.274292
1313.698975
1137.870728
1292.258057
1118.561890
1272.305908
1099.594116
1252.403687
1081.038330
1232.628296
1062.502563
1213.247925
1044.498291
1194.821167
1027.382202
1176.413940
1010.226807
1157.967529
993.496887
1140.304810
976.486938
1122.324219
960.162903
1105.608154
944.408264
1088.724731
929.277405
1072.465576
913.796814
1056.101685
898.915222
1040.176880
884.219910
1024.553467
869.926880
1009.410583
855.112305
992.710266
839.552856
976.237610
823.866211
958.995667
807.601624
941.755615
791.419067
924.217468
774.502991
906.377747
757.368896
887.400879
738.933960
867.476868
719.698669
847.000488
699.699951
825.599670
678.251038
802.694763
656.769104
779.953674
635.109131
757.222290
613.505920
734.488403
591.988037
712.333801
570.714478
689.842468
549.666931
668.991211
531.113281
650.311035
513.716675
633.133240
498.334717
618.165588
485.534851
604.914734
474.357849
594.488953
466.346863
587.429321
461.931030
583.495605
460.149628
582.241272
461.332611
584.415283
466.150757
589.830322
473.973236
597.940063
484.286438
609.367493
498.055054
623.327698
513.927490
639.378113
532.008362
657.712158
552.122864
677.673035
574.042908
699.503296
596.846985
721.895142
620.714111
745.463318
645.137207
769.149048
669.870483
792.798035
693.566162
815.187744
716.281555
836.886169
738.290527
857.549744
759.108337
876.658875
778.099182
893.477295
795.046387
908.686951
809.263672
920.770081
821.320190
930.194336
830.036560
937.095337
836.647827
941.770935
840.400391
943.663940
842.240845
943.444458
842.036438
941.181580
839.430969
937.227783
835.135071
930.859131
828.052063
921.859009
818.531250
910.558655
807.048950
897.134277
793.335327
881.498413
777.010925
863.324890
758.704956
843.262512
738.205811
820.691956
714.982483
796.158508
690.527710
769.810364
664.516541
742.384827
636.816772
713.725098
608.289490
683.886597
578.651123
653.481506
548.978271
622.586731
518.516663
591.164185
487.571869
559.339722
456.878204
528.499634
426.758301
497.609100
397.182953
467.977112
368.564301
439.103424
340.684387
411.540192
314.635010
385.364960
289.984131
360.446106
266.765717
337.995667
245.620605
316.960846
226.093765
297.478271
207.890152
279.128479
190.758926
262.033417
175.135010
246.563828
161.319016
233.008377
149.217636
221.238312
138.926941
211.138199
130.354034
202.918427
123.257317
195.540512
117.335220
189.820038
113.211685
186.022125
110.740479
183.758759
110.032143
183.845215
111.254303
184.865631
114.091583
188.113861
118.523338
192.554169
124.169243
198.223343
131.246872
205.372269
139.328598
212.831573
147.746643
221.252335
156.756363
229.946091
166.069733
238.586014
175.310135
247.275635
184.695984
256.328247
194.100494
265.083893
203.047928
273.170319
211.773300
281.453064
220.248062
288.921112
227.853500
296.109711
235.613403
302.942657
242.498047
308.971558
249.189240
315.123474
255.320755
320.426727
260.875275
325.084900
265.658020
329.216370
270.034088
332.676300
273.889465
336.103638
277.516846
339.149475
281.298126
342.300934
284.833008
345.356781
288.287750
348.305328
291.720520
351.213684
295.281647
354.229492
298.846619
357.392731
302.612793
360.958069
306.265656
364.234314
310.219696
367.938477
314.394775
371.417755
318.521545
375.367004
323.032837
379.564636
327.912506
383.585663
332.244019
387.591888
336.323792
390.968079
339.976044
394.038666
343.139313
396.624359
345.901886
398.847504
348.260132
400.658813
350.414001
402.187286
352.213409
402.962006
353.208832
403.338745
354.076813
403.731476
354.423462
403.732361
354.704651
403.166718
354.676208
402.587616
354.418121
401.801270
353.959259
400.901672
353.523529
399.969208
352.890259
398.976044
352.268921
397.868591
351.399933
396.834900
350.916199
395.674866
350.032715
394.552704
349.272461
393.477325
348.351959
391.964355
347.146881
390.328339
345.887848
388.711884
344.602692
386.954468
343.323212
385.357086
342.043915
383.474030
340.619476
381.737335
339.329468
379.711884
337.489441
377.617676
336.132599
375.892639
334.732422
373.979858
333.308105
372.473907
332.429108
371.113586
331.481720
370.217896
331.249084
369.526093
331.027405
368.942261
330.553162
367.916412
329.903778
366.947357
329.116302
365.574280
327.841309
363.690002
326.226227
361.800049
324.639313
359.624237
322.536133
356.860718
319.923157
353.767853
316.866730
350.135406
313.440948
345.977570
309.255585
341.420410
304.559235
336.042877
299.498718
330.346130
293.914551
324.383545
288.288330
318.176208
282.479401
311.988770
276.347687
305.496674
270.270966
299.273560
264.014740
292.513489
257.310913
285.476440
250.720856
278.649841
244.354950
271.813568
237.790512
265.284515
231.626968
259.031189
225.868530
252.834106
220.276962
247.185272
214.800888
241.540756
209.644608
236.395187
205.222061
231.645386
200.950806
227.621246
197.301132
223.805481
193.789993
220.350861
190.759476
217.102936
187.800369
214.024384
185.273972
211.481369
183.152878
209.217865
181.322601
207.104706
179.583374
205.284897
178.010101
203.307129
176.526688
201.489426
174.961227
199.778519
173.431244
197.959976
171.802963
195.946899
169.923630
193.772964
167.934738
191.481323
165.851364
189.067123
163.653168
186.619156
161.427689
184.441910
159.677628
182.406250
157.901581
180.584290
156.535706
178.861221
154.939880
176.992188
153.318222
175.346146
151.949005
173.671005
150.488953
172.126740
149.307297
170.567947
147.964447
168.826782
146.324936
166.869308
144.410141
164.692276
142.331528
162.231628
140.204590
159.803253
137.799438
157.006668
135.121506
153.861374
131.966064
150.266373
128.454636
146.379562
124.573181
142.091217
120.278374
137.482590
115.756477
132.544144
110.984573
127.256180
105.662582
121.651909
100.291328
116.028458
94.910400
110.302841
89.516701
104.738365
84.044792
99.139069
78.550194
93.584709
73.530365
88.306175
68.428101
83.227654
63.717098
78.465889
59.378002
73.894646
54.962807
69.497040
51.015854
65.615097
47.580097
62.269348
44.670948
59.188255
41.803635
56.627346
39.846947
54.685184
38.354107
52.883297
36.685867
51.501411
35.722488
50.467468
34.932285
49.577778
34.302956
48.806911
33.698524
48.060509
33.285408
47.520390
33.000130
47.120872
33.062286
47.351231
33.352768
47.548946
34.010956
48.239155
35.063507
49.313099
36.480881
50.683949
38.199547
52.612881
40.442867
54.861076
43.188339
57.642311
46.210266
60.609642
49.507778
63.861191
53.047318
67.553139
56.970196
71.233864
60.854774
74.983681
64.872986
78.898209
68.985977
82.861420
73.179138
87.188477
77.638321
91.242905
81.898048
95.385109
86.121758
99.397903
90.255165
103.326431
94.296005
107.163887
98.238228
110.845184
101.783501
113.999084
104.968460
116.950073
107.905945
119.449638
110.537277
121.785721
112.774109
123.720512
114.750114
125.251900
116.222290
126.524063
117.558342
127.457977
118.503456
128.224823
119.392975
128.792755
119.978973
129.247589
120.594864
129.522797
120.871582
129.619186
120.882347
129.375320
120.834023
129.177643
120.815392
128.864166
120.451584
128.411499
120.096931
127.786446
119.399986
126.952644
118.699532
126.108208
117.922432
124.985741
116.728981
123.658997
115.533234
122.250710
114.197723
120.775307
112.843102
119.273254
111.342041
117.674789
109.841301
115.999268
108.296867
114.294731
106.484795
112.371216
104.790260
110.560150
103.086723
108.754410
101.325531
106.876846
99.589485
104.990349
97.746849
103.032684
95.929207
101.079613
94.039383
99.034859
92.084282
96.945587
90.070740
94.805260
88.019012
92.654037
85.922417
90.418571
83.794571
88.165848
81.608490
85.875969
79.563049
83.788612
77.542053
81.590065
75.442764
79.240440
73.091469
76.672806
70.535011
74.089104
68.070396
71.415947
65.601982
68.867180
63.076176
66.173866
60.452679
63.383392
57.784122
60.554859
55.064228
57.728317
52.299099
54.857243
49.594418
52.079697
46.936668
49.362148
44.542912
46.836216
42.115257
44.441143
39.732220
41.827625
37.393650
39.548000
35.171562
37.227200
32.999783
34.963692
31.015339
33.031612
29.191908
31.279676
27.737453
29.857508
26.579233
28.789978
25.924541
28.160969
25.557913
27.787233
25.264380
27.499685
25.186378
27.265745
25.032150
26.910669
24.698357
26.576740
24.405075
25.986366
23.881048
25.456026
23.539433
24.792292
22.845020
23.975918
22.120293
23.148634
21.352316
22.078913
20.283943
20.837612
19.133871
19.591795
17.831451
18.033279
16.370296
16.508602
14.808147
14.677761
13.170526
12.989468
11.572700
11.315287
9.905565
9.418048
8.104926
7.540990
6.381949
5.722317
4.665998
3.744180
2.816068
1.952013
1.152000
