2062.729671
2062.290664
2061.327048
2059.839322
2057.828118
2055.294203
2052.238476
2048.661967
2044.565840
2039.951391
2034.820046
2029.173361
2023.013026
2016.340859
2009.158806
2001.468945
1993.273480
1984.574744
1975.375197
1965.677423
1955.484136
1944.798171
1933.622490
1921.960173
1909.814429
1897.188588
1884.086096
1870.510523
1856.465556
1841.955000
1826.982775
1811.552921
1795.669588
1779.337042
1762.559661
1745.341933
1727.688458
1709.603944
1691.093205
1672.161162
1652.812843
1633.053377
1612.887995
1592.322032
1571.360919
1550.010187
1528.275461
1506.162465
1483.677014
1460.825016
1437.612468
1414.045458
1390.130160
1365.872833
1341.279822
1316.357552
1291.112532
1265.551347
1239.680660
1213.507210
1187.037811
1160.279346
1133.238772
1105.923111
1078.339454
1050.494955
1022.396832
994.052365
965.468890
936.653805
907.614560
878.358657
848.893654
819.227154
789.366811
759.320324
729.095433
698.699922
668.141616
637.428374
606.568093
575.568702
544.438164
513.184469
481.815635
450.339707
418.764751
387.098856
355.350129
323.526695
291.636692
259.688274
227.689603
195.648852
163.574199
131.473828
99.355925
67.228676
35.100266
2.978874
-29.127323
-61.210160
-93.261479
-125.273135
-157.236998
-189.144952
-220.988902
-252.760772
-284.452508
-316.056080
-347.563486
-378.966752
-410.257934
-441.429121
-472.472437
-503.380041
-534.144132
-564.756947
-595.210769
-625.497923
-655.610778
-685.541757
-715.283329
-744.828016
-774.168395
-803.297097
-832.206811
-860.890287
-889.340333
-917.549824
-945.511697
-973.218954
-1000.664670
-1027.841989
-1054.744124
-1081.364365
-1107.696075
-1133.732693
-1159.467739
-1184.894810
-1210.007589
-1234.799838
-1259.265405
-1283.398223
-1307.192318
-1330.641800
-1353.740872
-1376.483829
-1398.865060
-1420.879046
-1442.520369
-1463.783705
-1484.663831
-1505.155623
-1525.254056
-1544.954213
-1564.251280
-1583.140546
-1601.617406
-1619.677365
-1637.316033
-1654.529133
-1671.312496
-1687.662065
-1703.573898
-1719.044160
-1734.069138
-1748.645232
-1762.768956
-1776.436944
-1789.645945
-1802.392828
-1814.674581
-1826.488313
-1837.831251
-1848.700747
-1859.094272
-1869.009418
-1878.443906
-1887.395577
-1895.862395
-1903.842451
-1911.333960
-1918.335262
-1924.844823
-1930.861234
-1936.383214
-1941.409609
-1945.939387
-1949.971649
-1953.505622
-1956.540659
-1959.076240
-1961.111974
-1962.647596
-1963.682970
-1964.218087
-1964.253065
-1963.788148
-1962.823709
-1961.360250
-1959.398396
-1956.938901
-1953.982645
-1950.530634
-1946.584000
-1942.143999
-1937.212013
-1931.789551
-1925.878241
-1919.479839
-1912.596222
-1905.229391
-1897.381469
-1889.054699
-1880.251448
-1870.974199
-1861.225557
-1851.008245
-1840.325106
-1829.179097
-1817.573292
-1805.510883
-1792.995173
-1780.029584
-1766.617646
-1752.763003
-1738.469410
-1723.740730
-1708.580939
-1692.994116
-1676.984449
-1660.556232
-1643.713862
-1626.461841
-1608.804771
-1590.747358
-1572.294403
-1553.450810
-1534.221577
-1514.611798
-1494.626662
-1474.271451
-1453.551539
-1432.472388
-1411.039550
-1389.258666
-1367.135461
-1344.675744
-1321.885406
-1298.770422
-1275.336845
-1251.590805
-1227.538510
-1203.186242
-1178.540357
-1153.607282
-1128.393513
-1102.905615
-1077.150221
-1051.134026
-1024.863789
-998.346330
-971.588530
-944.597326
-917.379711
-889.942733
-862.293491
-834.439136
-806.386865
-778.143925
-749.717606
-721.115239
-692.344200
-663.411902
-634.325795
-605.093366
-575.722132
-546.219645
-516.593487
-486.851263
-457.000607
-427.049177
-397.004650
-366.874726
-336.667120
-306.389565
-276.049807
-245.655602
-215.214718
-184.734933
-154.224024
-123.689779
-93.139984
-62.582424
-32.024886
-1.475150
29.059010
59.569827
90.049544
120.490417
150.884714
181.224722
211.502742
241.711099
271.842137
301.888225
331.841756
361.695152
391.440864
421.071374
450.579198
479.956887
509.197028
538.292248
567.235216
596.018641
624.635278
653.077929
681.339443
709.412718
737.290705
764.966409
792.432889
819.683259
846.710696
873.508435
900.069775
926.388075
952.456763
978.269333
1003.819347
1029.100436
1054.106307
1078.830736
1103.267575
1127.410755
1151.254284
1174.792247
1198.018814
1220.928235
1243.514842
1265.773057
1287.697385
1309.282420
1330.522845
1351.413433
1371.949049
1392.124653
1411.935299
1431.376136
1450.442408
1469.129460
1487.432735
1505.347775
1522.870224
1539.995828
1556.720438
1573.040006
1588.950592
1604.448363
1619.529592
1634.190660
1648.428057
1662.238383
1675.618348
1688.564773
1701.074594
1713.144857
1724.772719
1735.955459
1746.690465
1756.975242
1766.807411
1776.184710
1785.104994
1793.566234
1801.566521
1809.104063
1816.177189
1822.784344
1828.924093
1834.595125
1839.796245
1844.526380
1848.784578
1852.570006
1855.881954
1858.719830
1861.083166
1862.971614
1864.384947
1865.323058
1865.785965
1865.773803
1865.286831
1864.325426
1862.890089
1860.981438
1858.600214
1855.747276
1852.423603
1848.630295
1844.368570
1839.639763
1834.445330
1828.786845
1822.665997
1816.084593
1809.044558
1801.547930
1793.596864
1785.193629
1776.340608
1767.040298
1757.295306
1747.108355
1736.482277
1725.420014
1713.924619
1701.999251
1689.647180
1676.871780
1663.676535
1650.065029
1636.040955
1621.608104
1606.770374
1591.531761
1575.896364
1559.868377
1543.452095
1526.651907
1509.472299
1491.917851
1473.993236
1455.703220
1437.052656
1418.046489
1398.689752
1378.987564
1358.945130
1338.567737
1317.860755
1296.829637
1275.479914
1253.817196
1231.847167
1209.575590
1187.008300
1164.151205
1141.010281
1117.591575
1093.901204
1069.945345
1045.730245
1021.262210
996.547609
971.592869
946.404476
920.988970
895.352948
869.503058
843.445998
817.188517
790.737411
764.099520
737.281729
710.290967
683.134199
655.818432
628.350709
600.738108
572.987738
545.106742
517.102290
488.981581
460.751839
432.420312
403.994271
375.481006
346.887825
318.222053
289.491029
260.702106
231.862646
202.980019
174.061605
145.114786
116.146950
87.165485
58.177777
29.191212
0.213169
-28.748974
-57.687854
-86.596114
-115.466410
-144.291412
-173.063803
-201.776287
-230.421585
-258.992440
-287.481618
-315.881910
-344.186131
-372.387127
-400.477775
-428.450983
-456.299692
-484.016880
-511.595562
-539.028792
-566.309663
-593.431315
-620.386928
-647.169731
-673.772997
-700.190054
-726.414276
-752.439095
-778.257993
-803.864509
-829.252241
-854.414846
-879.346042
-904.039607
-928.489385
-952.689285
-976.633285
-1000.315430
-1023.729835
-1046.870686
-1069.732243
-1092.308839
-1114.594885
-1136.584868
-1158.273351
-1179.654981
-1200.724483
-1221.476665
-1241.906421
-1262.008728
-1281.778649
-1301.211338
-1320.302032
-1339.046061
-1357.438847
-1375.475901
-1393.152829
-1410.465331
-1427.409201
-1443.980331
-1460.174711
-1475.988428
-1491.417667
-1506.458715
-1521.107959
-1535.361888
-1549.217094
-1562.670273
-1575.718223
-1588.357847
-1600.586159
-1612.400274
-1623.797417
-1634.774919
-1645.330221
-1655.460873
-1665.164532
-1674.438969
-1683.282062
-1691.691802
-1699.666291
-1707.203742
-1714.302484
-1720.960955
-1727.177708
-1732.951408
-1738.280836
-1743.164884
-1747.602560
-1751.592985
-1755.135395
-1758.229142
-1760.873688
-1763.068616
-1764.813621
-1766.108512
-1766.953215
-1767.347768
-1767.292326
-1766.787157
-1765.832644
-1764.429284
-1762.577689
-1760.278583
-1757.532806
-1754.341311
-1750.705162
-1746.625537
-1742.103728
-1737.141136
-1731.739275
-1725.899769
-1719.624355
-1712.914878
-1705.773293
-1698.201662
-1690.202160
-1681.777066
-1672.928769
-1663.659763
-1653.972646
-1643.870124
-1633.355005
-1622.430203
-1611.098733
-1599.363712
-1587.228357
-1574.695988
-1561.770023
-1548.453978
-1534.751466
-1520.666198
-1506.201978
-1491.362706
-1476.152376
-1460.575073
-1444.634973
-1428.336343
-1411.683538
-1394.681002
-1377.333265
-1359.644941
-1341.620732
-1323.265417
-1304.583863
-1285.581012
-1266.261888
-1246.631593
-1226.695303
-1206.458271
-1185.925822
-1165.103357
-1143.996342
-1122.610318
-1100.950889
-1079.023730
-1056.834577
-1034.389233
-1011.693559
-988.753480
-965.574979
-942.164094
-918.526923
-894.669613
-870.598368
-846.319441
-821.839134
-797.163797
-772.299828
-747.253665
-722.031793
-696.640737
-671.087059
-645.377362
-619.518282
-593.516491
-567.378693
-541.111623
-514.722045
-488.216749
-461.602554
-434.886299
-408.074847
-381.175082
-354.193905
-327.138233
-300.015000
-272.831151
-245.593646
-218.309451
-190.985542
-163.628900
-136.246510
-108.845362
-81.432444
-54.014743
-26.599245
0.807070
28.197228
55.564264
82.901221
110.201155
137.457137
164.662249
191.809595
218.892294
245.903485
272.836333
299.684025
326.439774
353.096819
379.648429
406.087906
432.408580
458.603819
484.667024
510.591637
536.371133
561.999036
587.468906
612.774350
637.909021
662.866617
687.640886
712.225628
736.614691
760.801980
784.781454
808.547125
832.093070
855.413421
878.502371
901.354177
923.963158
946.323699
968.430253
990.277339
1011.859545
1033.171532
1054.208031
1074.963846
1095.433857
1115.613020
1135.496368
1155.079011
1174.356141
1193.323027
1211.975024
1230.307566
1248.316174
1265.996452
1283.344091
1300.354871
1317.024659
1333.349412
1349.325176
1364.948089
1380.214382
1395.120378
1409.662495
1423.837244
1437.641233
1451.071165
1464.123843
1476.796167
1489.085136
1500.987847
1512.501499
1523.623390
1534.350921
1544.681595
1554.613015
1564.142891
1573.269034
1581.989358
1590.301886
1598.204744
1605.696163
1612.774481
1619.438140
1625.685692
1631.515792
1636.927206
1641.918805
1646.489567
1650.638580
1654.365038
1657.668247
1660.547618
1663.002669
1665.033031
1666.638440
1667.818741
1668.573888
1668.903944
1668.809077
1668.289567
1667.345800
1665.978271
1664.187584
1661.974447
1659.339678
1656.284200
1652.809044
1648.915348
1644.604354
1639.877410
1634.735971
1629.181593
1623.215941
1616.840781
1610.057983
1602.869521
1595.277468
1587.284002
1578.891400
1570.102040
1560.918399
1551.343054
1541.378679
1531.028046
1520.294026
1509.179583
1497.687778
1485.821764
1473.584791
1460.980199
1448.011419
1434.681976
1420.995482
1406.955638
1392.566233
1377.831146
1362.754336
1347.339852
1331.591824
1315.514463
1299.112065
1282.389004
1265.349734
1247.998786
1230.340767
1212.380362
1194.122328
1175.571497
1156.732770
1137.611121
1118.211591
1098.539290
1078.599394
1058.397145
1037.937847
1017.226867
996.269634
975.071634
953.638414
931.975575
910.088774
887.983723
865.666184
843.141971
820.416946
797.497020
774.388149
751.096335
727.627621
703.988091
680.183872
656.221127
632.106055
607.844891
583.443904
558.909394
534.247691
509.465155
484.568170
459.563149
434.456526
409.254756
383.964318
358.591707
333.143435
307.626029
282.046032
256.409996
230.724486
204.996072
179.231336
153.436860
127.619233
101.785043
75.940881
50.093334
24.248989
-1.585576
-27.403786
-53.199075
-78.964889
-104.694682
-130.381925
-156.020102
-181.602713
-207.123277
-232.575333
-257.952442
-283.248186
-308.456173
-333.570037
-358.583441
-383.490076
-408.283664
-432.957961
-457.506758
-481.923879
-506.203189
-530.338589
-554.324021
-578.153470
-601.820964
-625.320575
-648.646423
-671.792673
-694.753545
-717.523304
-740.096272
-762.466822
-784.629382
-806.578437
-828.308531
-849.814265
-871.090303
-892.131368
-912.932247
-933.487793
-953.792925
-973.842628
-993.631954
-1013.156028
-1032.410041
-1051.389259
-1070.089020
-1088.504736
-1106.631896
-1124.466062
-1142.002874
-1159.238055
-1176.167404
-1192.786800
-1209.092205
-1225.079665
-1240.745305
-1256.085339
-1271.096065
-1285.773865
-1300.115211
-1314.116659
-1327.774861
-1341.086552
-1354.048560
-1366.657805
-1378.911297
-1390.806140
-1402.339529
-1413.508755
-1424.311203
-1434.744353
-1444.805779
-1454.493155
-1463.804250
-1472.736929
-1481.289157
-1489.458997
-1497.244608
-1504.644252
-1511.656287
-1518.279173
-1524.511469
-1530.351836
-1535.799032
-1540.851920
-1545.509464
-1549.770729
-1553.634879
-1557.101184
-1560.169012
-1562.837835
-1565.107227
-1566.976863
-1568.446522
-1569.516081
-1570.185524
-1570.454935
-1570.324500
-1569.794507
-1568.865345
-1567.537505
-1565.811579
-1563.688260
-1561.168342
-1558.252721
-1554.942390
-1551.238444
-1547.142079
-1542.654589
-1537.777367
-1532.511903
-1526.859787
-1520.822705
-1514.402442
-1507.600878
-1500.419989
-1492.861847
-1484.928617
-1476.622562
-1467.946035
-1458.901485
-1449.491451
-1439.718563
-1429.585545
-1419.095207
-1408.250452
-1397.054268
-1385.509735
-1373.620013
-1361.388356
-1348.818098
-1335.912659
-1322.675541
-1309.110330
-1295.220691
-1281.010372
-1266.483199
-1251.643075
-1236.493982
-1221.039979
-1205.285197
-1189.233844
-1172.890200
-1156.258616
-1139.343515
-1122.149387
-1104.680794
-1086.942360
-1068.938780
-1050.674810
-1032.155271
-1013.385045
-994.369076
-975.112365
-955.619975
-935.897022
-915.948680
-895.780175
-875.396789
-854.803851
-834.006744
-813.010897
-791.821786
-770.444936
-748.885912
-727.150325
-705.243825
-683.172103
-660.940889
-638.555949
-616.023085
-593.348133
-570.536961
-547.595468
-524.529582
-501.345260
-478.048485
-454.645263
-431.141624
-407.543623
-383.857330
-360.088836
-336.244250
-312.329695
-288.351308
-264.315238
-240.227646
-216.094701
-191.922578
-167.717461
-143.485537
-119.232995
-94.966027
-70.690822
-46.413571
-22.140457
2.122338
26.368642
50.592290
74.787127
98.947008
123.065803
147.137397
171.155687
195.114592
219.008048
242.830012
266.574464
290.235404
313.806863
337.282896
360.657586
383.925046
407.079420
430.114886
453.025653
475.805970
498.450119
520.952423
543.307242
565.508981
587.552088
609.431051
631.140408
652.674739
674.028678
695.196903
716.174146
736.955191
757.534874
777.908086
798.069776
818.014949
837.738668
857.236057
876.502301
895.532645
914.322399
932.866937
951.161699
969.202192
986.983989
1004.502731
1021.754134
1038.733983
1055.438132
1071.862512
1088.003125
1103.856050
1119.417441
1134.683529
1149.650624
1164.315112
1178.673458
1192.722214
1206.458006
1219.877547
1232.977629
1245.755131
1258.207014
1270.330324
1282.122194
1293.579843
1304.700576
1315.481786
1325.920957
1336.015658
1345.763551
1355.162386
1364.210003
1372.904335
1381.243404
1389.225326
1396.848309
1404.110652
1411.010748
1417.547083
1423.718239
1429.522891
1434.959807
1440.027851
1444.725982
1449.053252
1453.008810
1456.591899
1459.801861
1462.638128
1465.100230
1467.187794
1468.900544
1470.238297
1471.200966
1471.788560
1472.001185
1471.839040
1471.302421
1470.391720
1469.107423
1467.450108
1465.420454
1463.019231
1460.247302
1457.105628
1453.595258
1449.717340
1445.473111
1440.863902
1435.891135
1430.556326
1424.861080
1418.807094
1412.396154
1405.630139
1398.511014
1391.040833
1383.221741
1375.055968
1366.545829
1357.693730
1348.502159
1338.973690
1329.110980
1318.916771
1308.393888
1297.545237
1286.373804
1274.882656
1263.074941
1250.953884
1238.522788
1225.785031
1212.744071
1199.403436
1185.766732
1171.837637
1157.619900
1143.117341
1128.333851
1113.273390
1097.939984
1082.337729
1066.470784
1050.343374
1033.959786
1017.324371
1000.441542
983.315768
965.951582
948.353572
930.526381
912.474710
894.203313
875.716996
857.020618
838.119086
819.017359
799.720440
780.233382
760.561279
740.709273
720.682544
700.486316
680.125852
659.606452
638.933454
618.112231
597.148192
576.046775
554.813451
533.453722
511.973116
490.377191
468.671528
446.861732
424.953434
402.952281
380.863945
358.694112
336.448489
314.132794
291.752761
269.314137
246.822679
224.284152
201.704333
179.089002
156.443944
133.774951
111.087813
88.388324
65.682274
42.975451
20.273642
-2.417374
-25.091824
-47.743944
-70.367979
-92.958184
-115.508829
-138.014197
-160.468585
-182.866309
-205.201705
-227.469126
-249.662947
-271.777567
-293.807406
-315.746914
-337.590564
-359.332861
-380.968335
-402.491551
-423.897104
-445.179626
-466.333781
-487.354271
-508.235837
-528.973256
-549.561348
-569.994974
-590.269038
-610.378487
-630.318316
-650.083564
-669.669321
-689.070724
-708.282963
-727.301277
-746.120960
-764.737357
-783.145871
-801.341961
-819.321141
-837.078986
-854.611130
-871.913265
-888.981150
-905.810603
-922.397507
-938.737809
-954.827523
-970.662728
-986.239573
-1001.554274
-1016.603116
-1031.382456
-1045.888720
-1060.118409
-1074.068096
-1087.734429
-1101.114128
-1114.203990
-1127.000889
-1139.501775
-1151.703674
-1163.603694
-1175.199019
-1186.486913
-1197.464721
-1208.129871
-1218.479871
-1228.512310
-1238.224861
-1247.615280
-1256.681407
-1265.421165
-1273.832563
-1281.913696
-1289.662741
-1297.077964
-1304.157717
-1310.900440
-1317.304658
-1323.368983
-1329.092117
-1334.472849
-1339.510055
-1344.202700
-1348.549839
-1352.550614
-1356.204254
-1359.510083
-1362.467511
-1365.076036
-1367.335247
-1369.244823
-1370.804530
-1372.014225
-1372.873855
-1373.383454
-1373.543148
-1373.353149
-1372.813761
-1371.925375
-1370.688473
-1369.103623
-1367.171483
-1364.892798
-1362.268402
-1359.299214
-1355.986244
-1352.330586
-1348.333422
-1343.996018
-1339.319729
-1334.305995
-1328.956340
-1323.272373
-1317.255785
-1310.908355
-1304.231940
-1297.228484
-1289.900010
-1282.248624
-1274.276510
-1265.985937
-1257.379250
-1248.458874
-1239.227313
-1229.687147
-1219.841033
-1209.691706
-1199.241973
-1188.494719
-1177.452901
-1166.119548
-1154.497762
-1142.590719
-1130.401661
-1117.933902
-1105.190825
-1092.175879
-1078.892581
-1065.344513
-1051.535323
-1037.468722
-1023.148485
-1008.578448
-993.762507
-978.704619
-963.408801
-947.879125
-932.119722
-916.134777
-899.928531
-883.505276
-866.869357
-850.025172
-832.977167
-815.729836
-798.287723
-780.655415
-762.837548
-744.838798
-726.663886
-708.317575
-689.804666
-671.130000
-652.298456
-633.314950
-614.184430
-594.911881
-575.502320
-555.960794
-536.292381
-516.502186
-496.595344
-476.577013
-456.452377
-436.226644
-415.905042
-395.492823
-374.995253
-354.417619
-333.765225
-313.043389
-292.257441
-271.412728
-250.514603
-229.568433
-208.579588
-187.553451
-166.495406
-145.410843
-124.305153
-103.183731
-82.051969
-60.915260
-39.778992
-18.648552
2.470683
23.573338
44.654050
65.707462
86.728232
107.711029
128.650536
149.541449
170.378483
191.156369
211.869858
232.513720
253.082749
273.571761
293.975595
314.289115
334.507216
354.624819
374.636875
394.538364
414.324299
433.989727
453.529729
472.939422
492.213959
511.348532
530.338369
549.178746
567.864975
586.392412
604.756458
622.952558
640.976205
658.822937
676.488342
693.968058
711.257773
728.353224
745.250206
761.944567
778.432207
794.709084
810.771211
826.614661
842.235565
857.630113
872.794556
887.725207
902.418441
916.870695
931.078473
945.038344
958.746940
972.200963
985.397180
998.332428
1011.003611
1023.407705
1035.541754
1047.402876
1058.988256
1070.295157
1081.320914
1092.062935
1102.518701
1112.685769
1122.561773
1132.144421
1141.431499
1150.420868
1159.110470
1167.498320
1175.582517
1183.361236
1190.832733
1197.995343
1204.847479
1211.387638
1217.614395
1223.526408
1229.122415
1234.401235
1239.361771
1244.003004
1248.324003
1252.323916
1256.001974
1259.357492
1262.389865
1265.098574
1267.483181
1269.543332
1271.278755
1272.689261
1273.774745
1274.535184
1274.970641
1275.081259
1274.867264
1274.328964
1273.466752
1272.281101
1270.772568
1268.941789
1266.789485
1264.316455
1261.523582
1258.411831
1254.982245
1251.235947
1247.174143
1242.798115
1238.109225
1233.108917
1227.798708
1222.180197
1216.255059
1210.025044
1203.491982
1196.657778
1189.524410
1182.093933
1174.368476
1166.350241
1158.041502
1149.444607
1140.561975
1131.396096
1121.949530
1112.224906
1102.224925
1091.952352
1081.410022
1070.600837
1059.527761
1048.193828
1036.602132
1024.755833
1012.658152
1000.312373
987.721838
974.889951
961.820175
948.516031
934.981096
921.219002
907.233439
893.028149
878.606928
863.973623
849.132133
834.086406
818.840442
803.398284
787.764025
771.941805
755.935804
739.750251
723.389413
706.857600
690.159164
673.298492
656.280013
639.108191
621.787523
604.322546
586.717824
568.977958
551.107576
533.111340
514.993935
496.760076
478.414506
459.961988
441.407313
422.755291
404.010754
385.178553
366.263560
347.270661
328.204759
309.070773
289.873635
270.618286
251.309683
231.952790
212.552577
193.114026
173.642119
154.141848
134.618204
115.076182
95.520778
75.956986
56.389798
36.824205
17.265192
-2.282263
-21.813186
-41.322615
-60.805595
-80.257181
-99.672443
-119.046463
-138.374335
-157.651172
-176.872104
-196.032277
-215.126856
-234.151031
-253.100010
-271.969026
-290.753337
-309.448222
-328.048993
-346.550985
-364.949565
-383.240128
-401.418101
-419.478943
-437.418148
-455.231245
-472.913798
-490.461408
-507.869714
-525.134394
-542.251166
-559.215790
-576.024069
-592.671846
-609.155011
-625.469500
-641.611294
-657.576423
-673.360964
-688.961043
-704.372838
-719.592575
-734.616537
-749.441055
-764.062518
-778.477366
-792.682096
-806.673264
-820.447482
-834.001419
-847.331804
-860.435426
-873.309133
-885.949836
-898.354508
-910.520183
-922.443960
-934.123000
-945.554532
-956.735850
-967.664312
-978.337345
-988.752442
-998.907163
-1008.799140
-1018.426069
-1027.785721
-1036.875932
-1045.694609
-1054.239736
-1062.509363
-1070.501613
-1078.214684
-1085.646842
-1092.796430
-1099.661863
-1106.241630
-1112.534294
-1118.538493
-1124.252940
-1129.676420
-1134.807797
-1139.646011
-1144.190075
-1148.439079
-1152.392190
-1156.048649
-1159.407775
-1162.468964
-1165.231686
-1167.695490
-1169.860000
-1171.724918
-1173.290023
-1174.555170
-1175.520291
-1176.185395
-1176.550565
-1176.615965
-1176.381830
-1175.848477
-1175.016294
-1173.885747
-1172.457378
-1170.731805
-1168.709722
-1166.391896
-1163.779169
-1160.872459
-1157.672758
-1154.181131
-1150.398716
-1146.326728
-1141.966449
-1137.319238
-1132.386525
-1127.169811
-1121.670670
-1115.890744
-1109.831748
-1103.495465
-1096.883747
-1089.998516
-1082.841761
-1075.415540
-1067.721977
-1059.763261
-1051.541651
-1043.059468
-1034.319097
-1025.322990
-1016.073658
-1006.573679
-996.825688
-986.832385
-976.596529
-966.120936
-955.408485
-944.462112
-933.284807
-921.879621
-910.249656
-898.398072
-886.328082
-874.042952
-861.545998
-848.840590
-835.930148
-822.818139
-809.508082
-796.003541
-782.308127
-768.425496
-754.359352
-740.113437
-725.691541
-711.097492
-696.335161
-681.408457
-666.321328
-651.077759
-635.681774
-620.137430
-604.448818
-588.620063
-572.655323
-556.558787
-540.334672
-523.987226
-507.520724
-490.939469
-474.247786
-457.450029
-440.550571
-423.553810
-406.464164
-389.286071
-372.023987
-354.682387
-337.265761
-319.778615
-302.225468
-284.610855
-266.939319
-249.215415
-231.443706
-213.628766
-195.775174
-177.887516
-159.970381
-142.028363
-124.066058
-106.088062
-88.098974
-70.103388
-52.105897
-34.111091
-16.123555
1.852131
19.811397
37.749678
55.662421
73.545081
91.393125
109.202035
126.967305
144.684447
162.348985
179.956464
197.502446
214.982513
232.392267
249.727332
266.983357
284.156012
301.240994
318.234024
335.130855
351.927263
368.619058
385.202078
401.672192
418.025303
434.257347
450.364293
466.342149
482.186956
497.894793
513.461780
528.884074
544.157875
559.279422
574.244997
589.050926
603.693576
618.169362
632.474745
646.606230
660.560371
674.333771
687.923082
701.325006
714.536297
727.553757
740.374244
752.994668
765.411991
777.623233
789.625467
801.415822
812.991482
824.349694
835.487759
846.403038
857.092949
867.554973
877.786649
887.785579
897.549425
907.075912
916.362827
925.408020
934.209406
942.764964
951.072737
959.130834
966.937428
974.490758
981.789131
988.830920
995.614562
1002.138567
1008.401507
1014.402024
1020.138830
1025.610704
1030.816496
1035.755121
1040.425566
1044.826888
1048.958210
1052.818729
1056.407709
1059.724485
1062.768460
1065.539112
1068.035987
1070.258700
1072.206937
1073.880456
1075.279084
1076.402717
1077.251324
1077.824943
1078.123682
1078.147717
1077.897300
1077.372747
1076.574448
1075.502859
1074.158507
1072.541989
1070.653969
1068.495181
1066.066428
1063.368579
1060.402574
1057.169416
1053.670180
1049.906007
1045.878104
1041.587742
1037.036262
1032.225068
1027.155629
1021.829478
1016.248215
1010.413501
1004.327059
997.990679
991.406209
984.575563
977.500712
970.183689
962.626587
954.831559
946.800816
938.536627
930.041319
921.317274
912.366933
903.192792
893.797401
884.183364
874.353338
864.310034
854.056214
843.594692
832.928331
822.060045
810.992795
799.729593
788.273496
776.627607
764.795077
752.779099
740.582911
728.209794
715.663072
702.946108
690.062307
677.015114
663.808009
650.444514
636.928185
623.262613
609.451427
595.498287
581.406885
567.180948
552.824231
538.340521
523.733632
509.007406
494.165714
479.212449
464.151533
448.986909
433.722543
418.362424
402.910560
387.370980
371.747730
356.044875
340.266496
324.416690
308.499567
292.519250
276.479876
260.385592
244.240554
228.048930
211.814892
195.542622
179.236307
162.900137
146.538309
130.155019
113.754465
97.340847
80.918363
64.491210
48.063581
31.639667
15.223652
-1.180285
-17.567972
-33.935246
-50.277952
-66.591947
-82.873099
-99.117287
-115.320405
-131.478360
-147.587077
-163.642494
-179.640570
-195.577281
-211.448621
-227.250606
-242.979275
-258.630689
-274.200932
-289.686112
-305.082363
-320.385847
-335.592751
-350.699291
-365.701713
-380.596295
-395.379343
-410.047196
-424.596228
-439.022843
-453.323484
-467.494628
-481.532788
-495.434515
-509.196399
-522.815066
-536.287185
-549.609467
-562.778660
-575.791558
-588.644995
-601.335852
-613.861054
-626.217571
-638.402417
-650.412656
-662.245397
-673.897798
-685.367069
-696.650464
-707.745292
-718.648911
-729.358727
-739.872205
-750.186858
-760.300254
-770.210015
-779.913813
-789.409383
-798.694509
-807.767033
-816.624856
-825.265931
-833.688271
-841.889948
-849.869091
-857.623888
-865.152586
-872.453492
-879.524971
-886.365452
-892.973421
-899.347427
-905.486079
-911.388048
-917.052068
-922.476933
-927.661502
-932.604694
-937.305492
-941.762940
-945.976148
-949.944289
-953.666599
-957.142376
-960.370983
-963.351847
-966.084459
-968.568373
-970.803208
-972.788648
-974.524437
-976.010388
-977.246375
-978.232337
-978.968278
-979.454264
-979.690424
-979.676954
-979.414112
-978.902219
-978.141660
-977.132883
-975.876397
-974.372778
-972.622661
-970.626745
-968.385791
-965.900621
-963.172120
-960.201232
-956.988965
-953.536386
-949.844621
-945.914859
-941.748346
-937.346388
-932.710352
-927.841660
-922.741795
-917.412294
-911.854754
-906.070829
-900.062228
-893.830715
-887.378109
-880.706287
-873.817175
-866.712758
-859.395069
-851.866197
-844.128281
-836.183511
-828.034130
-819.682427
-811.130745
-802.381472
-793.437045
-784.299950
-774.972718
-765.457926
-755.758197
-745.876198
-735.814640
-725.576278
-715.163907
-704.580367
-693.828535
-682.911331
-671.831712
-660.592676
-649.197256
-637.648523
-625.949586
-614.103584
-602.113696
-589.983130
-577.715131
-565.312970
-552.779955
-540.119419
-527.334728
-514.429273
-501.406474
-488.269778
-475.022656
-461.668605
-448.211143
-434.653815
-421.000184
-407.253835
-393.418374
-379.497425
-365.494630
-351.413649
-337.258156
-323.031843
-308.738415
-294.381589
-279.965095
-265.492675
-250.968082
-236.395077
-221.777428
-207.118914
-192.423317
-177.694428
-162.936038
-148.151946
-133.345951
-118.521853
-103.683455
-88.834558
-73.978961
-59.120463
-44.262857
-29.409933
-14.565476
0.266736
15.082930
29.879345
44.652226
59.397829
74.112421
88.792281
103.433701
118.032986
132.586456
147.090449
161.541316
175.935427
190.269171
204.538956
218.741210
232.872383
246.928945
260.907391
274.804238
288.616030
302.339334
315.970745
329.506884
342.944400
356.279973
369.510311
382.632152
395.642266
408.537455
421.314554
433.970431
446.501990
458.906169
471.179942
483.320319
495.324348
507.189115
518.911747
530.489407
541.919299
553.198669
564.324805
575.295035
586.106731
596.757310
607.244228
617.564993
627.717152
637.698302
647.506083
657.138184
666.592341
675.866337
684.958007
693.865230
702.585939
711.118115
719.459787
727.609039
735.564006
743.322872
750.883876
758.245306
765.405507
772.362876
779.115862
785.662970
792.002758
798.133839
804.054881
809.764608
815.261800
820.545289
825.613967
830.466780
835.102732
839.520881
843.720346
847.700298
851.459968
854.998645
858.315673
861.410455
864.282451
866.931178
869.356211
871.557184
873.533787
875.285769
876.812936
878.115153
879.192339
880.044475
880.671599
881.073804
881.251242
881.204123
880.932712
880.437335
879.718370
878.776256
877.611487
876.224612
874.616237
872.787027
870.737699
868.469026
865.981839
863.277019
860.355507
857.218295
853.866431
850.301016
846.523202
842.534199
838.335266
833.927714
829.312910
824.492267
819.467252
814.239383
808.810227
803.181402
797.354574
791.331457
785.113816
778.703462
772.102252
765.312094
758.334936
751.172778
743.827659
736.301667
728.596933
720.715629
712.659973
704.432222
696.034677
687.469677
678.739605
669.846879
660.793960
651.583343
642.217565
632.699196
623.030844
613.215152
603.254798
593.152493
582.910981
572.533040
562.021478
551.379136
540.608882
529.713617
518.696268
507.559791
496.307169
484.941410
473.465549
461.882646
450.195782
438.408064
426.522620
414.542600
402.471172
390.311528
378.066874
365.740439
353.335464
340.855211
328.302954
315.681983
302.995602
290.247127
277.439886
264.577220
251.662477
238.699017
225.690208
212.639424
199.550047
186.425467
173.269074
160.084267
146.874445
133.643011
120.393370
107.128925
93.853081
80.569242
67.280808
53.991178
40.703747
27.421904
14.149034
0.888516
-12.356280
-25.581992
-38.785263
-51.962751
-65.111123
-78.227055
-91.307238
-104.348375
-117.347184
-130.300396
-143.204759
-156.057037
-168.854012
-181.592482
-194.269266
-206.881202
-219.425148
-231.897983
-244.296609
-256.617949
-268.858952
-281.016589
-293.087858
-305.069781
-316.959407
-328.753813
-340.450103
-352.045411
-363.536899
-374.921759
-386.197213
-397.360517
-408.408957
-419.339854
-430.150559
-440.838459
-451.400975
-461.835565
-472.139720
-482.310971
-492.346882
-502.245058
-512.003140
-521.618809
-531.089786
-540.413830
-549.588742
-558.612362
-567.482574
-576.197301
-584.754512
-593.152215
-601.388464
-609.461355
-617.369029
-625.109673
-632.681517
-640.082837
-647.311954
-654.367237
-661.247102
-667.950008
-674.474467
-680.819033
-686.982310
-692.962951
-698.759658
-704.371180
-709.796316
-715.033914
-720.082869
-724.942131
-729.610696
-734.087611
-738.371974
-742.462931
-746.359683
-750.061478
-753.567617
-756.877451
-759.990381
-762.905861
-765.623396
-768.142542
-770.462907
-772.584150
-774.505981
-776.228161
-777.750504
-779.072874
-780.195189
-781.117415
-781.839571
-782.361726
-782.684004
-782.806575
-782.729663
-782.453542
-781.978536
-781.305022
-780.433424
-779.364219
-778.097933
-776.635141
-774.976469
-773.122591
-771.074232
-768.832165
-766.397211
-763.770239
-760.952169
-757.943965
-754.746642
-751.361260
-747.788926
-744.030793
-740.088062
-735.961979
-731.653834
-727.164964
-722.496750
-717.650616
-712.628031
-707.430507
-702.059600
-696.516905
-690.804063
-684.922754
-678.874701
-672.661665
-666.285449
-659.747894
-653.050881
-646.196330
-639.186198
-632.022479
-624.707203
-617.242440
-609.630291
-601.872894
-593.972423
-585.931083
-577.751114
-569.434789
-560.984410
-552.402315
-543.690869
-534.852469
-525.889540
-516.804536
-507.599941
-498.278264
-488.842041
-479.293836
-469.636236
-459.871854
-450.003326
-440.033313
-429.964497
-419.799581
-409.541292
-399.192373
-388.755591
-378.233730
-367.629591
-356.945994
-346.185775
-335.351787
-324.446895
-313.473982
-302.435943
-291.335686
-280.176130
-268.960208
-257.690860
-246.371039
-235.003705
-223.591827
-212.138382
-200.646351
-189.118726
-177.558498
-165.968667
-154.352234
-142.712205
-131.051586
-119.373385
-107.680610
-95.976269
-84.263371
-72.544919
-60.823916
-49.103362
-37.386250
-25.675573
-13.974313
-2.285449
9.388049
21.043219
32.677105
44.286764
55.869260
67.421672
78.941088
90.424608
101.869345
113.272429
124.631000
135.942218
147.203256
158.411304
169.563570
180.657281
191.689681
202.658035
213.559628
224.391764
235.151771
245.836998
256.444817
266.972624
277.417838
287.777904
298.050289
308.232492
318.322035
328.316466
338.213363
348.010331
357.705005
367.295050
376.778160
386.152059
395.414504
404.563282
413.596213
422.511151
431.305981
439.978624
448.527033
456.949196
465.243138
473.406920
481.438636
489.336419
497.098439
504.722901
512.208051
519.552172
526.753585
533.810651
540.721768
547.485377
554.099957
560.564029
566.876153
573.034930
579.039004
584.887058
590.577821
596.110060
601.482587
606.694256
611.743962
616.630647
621.353294
625.910929
630.302623
634.527490
638.584689
642.473424
646.192940
649.742531
653.121533
656.329325
659.365334
662.229032
664.919934
667.437602
669.781641
671.951702
673.947482
675.768723
677.415211
678.886778
680.183301
681.304702
682.250950
683.022055
683.618076
684.039115
684.285318
684.356878
684.254030
683.977055
683.526278
682.902069
682.104839
681.135047
679.993193
678.679821
677.195519
675.540916
673.716686
671.723546
669.562252
667.233606
664.738450
662.077665
659.252179
656.262956
653.111003
649.797367
646.323135
642.689431
638.897424
634.948317
630.843353
626.583814
622.171019
617.606325
612.891125
608.026851
603.014967
597.856978
592.554419
587.108863
581.521918
575.795225
569.930456
563.929320
557.793556
551.524936
545.125264
538.596372
531.940127
525.158422
518.253181
511.226359
504.079934
496.815918
489.436344
481.943278
474.338806
466.625045
458.804132
450.878231
442.849531
434.720240
426.492593
418.168843
409.751268
401.242163
392.643846
383.958653
375.188939
366.337077
357.405457
348.396489
339.312594
330.156214
320.929801
311.635825
302.276767
292.855123
283.373400
273.834118
264.239805
254.593003
244.896260
235.152137
225.363200
215.532022
205.661187
195.753281
185.810898
175.836636
165.833097
155.802888
145.748616
135.672892
125.578329
115.467540
105.343139
95.207737
85.063946
74.914376
64.761634
54.608324
44.457045
34.310392
24.170956
14.041321
3.924064
-6.178244
-16.263040
-26.327772
-36.369894
-46.386871
-56.376177
-66.335301
-76.261739
-86.153003
-96.006617
-105.820116
-115.591053
-125.316993
-134.995518
-144.624227
-154.200732
-163.722665
-173.187675
-182.593430
-191.937616
-201.217940
-210.432127
-219.577924
-228.653098
-237.655440
-246.582761
-255.432897
-264.203703
-272.893063
-281.498883
-290.019094
-298.451652
-306.794540
-315.045764
-323.203361
-331.265394
-339.229953
-347.095156
-354.859150
-362.520110
-370.076243
-377.525783
-384.866997
-392.098181
-399.217661
-406.223797
-413.114980
-419.889633
-426.546211
-433.083202
-439.499127
-445.792542
-451.962036
-458.006233
-463.923790
-469.713400
-475.373789
-480.903722
-486.301996
-491.567447
-496.698945
-501.695396
-506.555743
-511.278969
-515.864089
-520.310159
-524.616269
-528.781549
-532.805167
-536.686326
-540.424271
-544.018282
-547.467678
-550.771816
-553.930094
-556.941945
-559.806844
-562.524302
-565.093869
-567.515136
-569.787732
-571.911323
-573.885617
-575.710359
-577.385332
-578.910361
-580.285307
-581.510071
-582.584595
-583.508856
-584.282871
-584.906698
-585.380430
-585.704202
-585.878185
-585.902588
-585.777660
-585.503688
-585.080996
-584.509946
-583.790937
-582.924406
-581.910827
-580.750713
-579.444611
-577.993107
-576.396822
-574.656413
-572.772575
-570.746036
-568.577563
-566.267956
-563.818048
-561.228712
-558.500852
-555.635406
-552.633346
-549.495680
-546.223446
-542.817717
-539.279596
-535.610223
-531.810765
-527.882423
-523.826428
-519.644043
-515.336561
-510.905305
-506.351627
-501.676908
-496.882559
-491.970019
-486.940755
-481.796262
-476.538060
-471.167699
-465.686751
-460.096818
-454.399526
-448.596524
-442.689487
-436.680113
-430.570125
-424.361268
-418.055309
-411.654038
-405.159264
-398.572821
-391.896559
-385.132352
-378.282090
-371.347683
-364.331061
-357.234170
-350.058972
-342.807449
-335.481598
-328.083429
-320.614971
-313.078266
-305.475368
-297.808347
-290.079286
-282.290278
-274.443430
-266.540858
-258.584691
-250.577066
-242.520130
-234.416040
-226.266960
-218.075061
-209.842524
-201.571534
-193.264283
-184.922967
-176.549790
-168.146957
-159.716678
-151.261166
-142.782636
-134.283307
-125.765396
-117.231124
-108.682709
-100.122372
-91.552330
-82.974800
-74.391998
-65.806133
-57.219417
-48.634053
-40.052242
-31.476179
-22.908055
-14.350053
-5.804350
2.726883
11.241484
19.737298
28.212182
36.663998
45.090622
53.489936
61.859837
70.198233
78.503041
86.772194
95.003637
103.195326
111.345235
119.451351
127.511676
135.524227
143.487037
151.398157
159.255654
167.057612
174.802135
182.487343
190.111376
197.672393
205.168573
212.598116
219.959241
227.250190
234.469222
241.614625
248.684704
255.677788
262.592229
269.426404
276.178711
282.847574
289.431443
295.928790
302.338114
308.657938
314.886815
321.023319
327.066054
333.013650
338.864765
344.618083
350.272317
355.826207
361.278524
366.628065
371.873656
377.014154
382.048444
386.975441
391.794089
396.503364
401.102271
405.589846
409.965154
414.227294
418.375394
422.408613
426.326142
430.127203
433.811051
437.376972
440.824283
444.152334
447.360508
450.448219
453.414913
456.260069
458.983199
461.583847
464.061591
466.416038
468.646831
470.753646
472.736189
474.594201
476.327455
477.935757
479.418946
480.776892
482.009500
483.116707
484.098482
484.954826
485.685775
486.291394
486.771783
487.127074
487.357429
487.463045
487.444148
487.300999
487.033887
486.643135
486.129098
485.492160
484.732738
483.851278
482.848258
481.724187
480.479603
479.115075
477.631202
476.028612
474.307963
472.469943
470.515267
468.444680
466.258956
463.958897
461.545332
459.019120
456.381144
453.632317
450.773578
447.805893
444.730252
441.547675
438.259204
434.865908
431.368880
427.769239
424.068127
420.266711
416.366181
412.367750
408.272654
404.082152
399.797525
395.420075
390.951126
386.392023
381.744131
377.008835
372.187542
367.281675
362.292679
357.222016
352.071165
346.841624
341.534910
336.152553
330.696102
325.167122
319.567191
313.897906
308.160875
302.357723
296.490085
290.559614
284.567972
278.516835
272.407890
266.242836
260.023384
253.751252
247.428172
241.055883
234.636134
228.170682
221.661292
215.109738
208.517799
201.887262
195.219920
188.517571
181.782019
175.015072
168.218542
161.394246
154.544004
147.669637
140.772970
133.855830
126.920043
119.967438
112.999845
106.019091
99.027005
92.025413
85.016141
78.001011
70.981846
63.960462
56.938673
49.918291
42.901120
35.888963
28.883614
21.886864
14.900496
7.926287
0.966007
-5.978581
-12.905724
-19.813676
-26.700699
-33.565068
-40.405064
-47.218979
-54.005118
-60.761794
-67.487333
-74.180074
-80.838366
-87.460573
-94.045070
-100.590246
-107.094506
-113.556267
-119.973961
-126.346036
-132.670955
-138.947196
-145.173256
-151.347644
-157.468890
-163.535540
-169.546156
-175.499320
-181.393631
-187.227707
-193.000186
-198.709723
-204.354994
-209.934694
-215.447541
-220.892268
-226.267634
-231.572416
-236.805414
-241.965447
-247.051359
-252.062013
-256.996297
-261.853121
-266.631415
-271.330136
-275.948262
-280.484794
-284.938759
-289.309204
-293.595205
-297.795859
-301.910286
-305.937636
-309.877078
-313.727808
-317.489050
-321.160048
-324.740076
-328.228431
-331.624436
-334.927440
-338.136818
-341.251970
-344.272324
-347.197332
-350.026473
-352.759254
-355.395206
-357.933887
-360.374882
-362.717802
-364.962286
-367.107998
-369.154629
-371.101896
-372.949545
-374.697347
-376.345099
-377.892626
-379.339779
-380.686436
-381.932502
-383.077906
-384.122606
-385.066587
-385.909858
-386.652456
-387.294444
-387.835910
-388.276970
-388.617764
-388.858460
-388.999250
-389.040353
-388.982012
-388.824497
-388.568102
-388.213148
-387.759978
-387.208962
-386.560495
-385.814996
-384.972906
-384.034695
-383.000853
-381.871895
-380.648361
-379.330811
-377.919831
-376.416031
-374.820040
-373.132512
-371.354124
-369.485574
-367.527580
-365.480885
-363.346252
-361.124464
-358.816326
-356.422663
-353.944321
-351.382166
-348.737082
-346.009975
-343.201768
-340.313405
-337.345846
-334.300071
-331.177079
-327.977883
-324.703517
-321.355030
-317.933489
-314.439976
-310.875590
-307.241445
-303.538672
-299.768414
-295.931832
-292.030100
-288.064404
-284.035947
-279.945944
-275.795621
-271.586220
-267.318993
-262.995205
-258.616130
-254.183056
-249.697281
-245.160112
-240.572868
-235.936877
-231.253474
-226.524006
-221.749826
-216.932298
-212.072791
-207.172682
-202.233355
-197.256202
-192.242619
-187.194008
-182.111778
-176.997342
-171.852117
-166.677525
-161.474993
-156.245948
-150.991822
-145.714052
-140.414073
-135.093325
-129.753248
-124.395283
-119.020872
-113.631458
-108.228484
-102.813391
-97.387620
-91.952611
-86.509802
-81.060630
-75.606528
-70.148928
-64.689258
-59.228941
-53.769400
-48.312050
-42.858303
-37.409566
-31.967240
-26.532722
-21.107402
-15.692662
-10.289879
-4.900424
0.474343
5.833066
11.174399
16.497005
21.799555
27.080729
32.339216
37.573717
42.782940
47.965607
53.120446
58.246202
63.341626
68.405483
73.436551
78.433618
83.395486
88.320970
93.208897
98.058109
102.867459
107.635816
112.362064
117.045100
121.683835
126.277196
130.824126
135.323583
139.774539
144.175984
148.526922
152.826377
157.073386
161.267005
165.406305
169.490376
173.518325
177.489276
181.402371
185.256770
189.051651
192.786211
196.459665
200.071247
203.620207
207.105819
210.527372
213.884175
217.175558
220.400868
223.559474
226.650763
229.674142
232.629039
235.514900
238.331193
241.077405
243.753044
246.357637
248.890734
251.351902
253.740731
256.056831
258.299832
260.469384
262.565161
264.586853
266.534174
268.406858
270.204658
271.927351
273.574732
275.146618
276.642846
278.063274
279.407780
280.676265
281.868648
282.984870
284.024891
284.988693
285.876278
286.687668
287.422904
288.082051
288.665191
289.172427
289.603880
289.959695
290.240033
290.445075
290.575025
290.630102
290.610546
290.516618
290.348594
290.106773
289.791471
289.403022
288.941779
288.408114
287.802416
287.125093
286.376570
285.557290
284.667713
283.708318
282.679599
281.582068
280.416253
279.182700
277.881969
276.514639
275.081301
273.582567
272.019058
270.391417
268.700297
266.946367
265.130313
263.252832
261.314636
259.316454
257.259023
255.143098
252.969446
250.738844
248.452086
246.109976
243.713330
241.262976
238.759754
236.204515
233.598120
230.941444
228.235368
225.480787
222.678603
219.829730
216.935089
213.995613
211.012241
207.985921
204.917612
201.808276
198.658888
195.470425
192.243876
188.980232
185.680495
182.345669
178.976767
175.574806
172.140808
168.675802
165.180818
161.656893
158.105069
154.526388
150.921899
147.292653
143.639702
139.964103
136.266915
132.549197
128.812012
125.056422
121.283492
117.494287
113.689871
109.871312
106.039673
102.196020
98.341417
94.476927
90.603612
86.722531
82.834744
78.941305
75.043269
71.141686
67.237604
63.332068
59.426117
55.520789
51.617116
47.716127
43.818845
39.926289
36.039472
32.159401
28.287079
24.423502
20.569660
16.726534
12.895104
9.076336
5.271194
1.480631
-2.294404
-6.052974
-9.794148
-13.517004
-17.220629
-20.904117
-24.566574
-28.207114
-31.824860
-35.418946
-38.988514
-42.532719
-46.050724
-49.541704
-53.004845
-56.439341
-59.844401
-63.219244
-66.563098
-69.875208
-73.154825
-76.401217
-79.613660
-82.791445
-85.933874
-89.040264
-92.109943
-95.142250
-98.136540
-101.092182
-104.008555
-106.885053
-109.721084
-112.516069
-115.269443
-117.980656
-120.649170
-123.274463
-125.856024
-128.393361
-130.885993
-133.333454
-135.735294
-138.091074
-140.400374
-142.662787
-144.877919
-147.045394
-149.164848
-151.235934
-153.258318
-155.231684
-157.155727
-159.030161
-160.854712
-162.629123
-164.353152
-166.026570
-167.649166
-169.220742
-170.741117
-172.210123
-173.627608
-174.993436
-176.307485
-177.569648
-178.779833
-179.937963
-181.043978
-182.097828
-183.099483
-184.048925
-184.946151
-185.791174
-186.584019
-187.324728
-188.013356
-188.649973
-189.234664
-189.767526
-190.248672
-190.678230
-191.056339
-191.383153
-191.658842
-191.883585
-192.057580
-192.181033
-192.254168
-192.277219
-192.250434
-192.174074
-192.048414
-191.873739
-191.650349
-191.378555
-191.058680
-190.691060
-190.276042
-189.813987
-189.305264
-188.750257
-188.149358
-187.502973
-186.811518
-186.075419
-185.295114
-184.471049
-183.603684
-182.693485
-181.740931
-180.746511
-179.710719
-178.634065
-177.517062
-176.360236
-175.164120
-173.929257
-172.656196
-171.345497
-169.997726
-168.613456
-167.193271
-165.737759
-164.247516
-162.723147
-161.165261
-159.574475
-157.951411
-156.296699
-154.610974
-152.894876
-151.149051
-149.374150
-147.570830
-145.739751
-143.881579
-141.996985
-140.086642
-138.151228
-136.191425
-134.207917
-132.201394
-130.172547
-128.122070
-126.050660
-123.959015
-121.847837
-119.717830
-117.569698
-115.404148
-113.221886
-111.023622
-108.810066
-106.581927
-104.339915
-102.084742
-99.817117
-97.537751
-95.247354
-92.946634
-90.636301
-88.317060
-85.989617
-83.654678
-81.312943
-78.965113
-76.611888
-74.253961
-71.892028
-69.526777
-67.158898
-64.789074
-62.417986
-60.046312
-57.674725
-55.303896
-52.934489
-50.567167
-48.202586
-45.841399
-43.484252
-41.131789
-38.784646
-36.443455
-34.108842
-31.781429
-29.461828
-27.150650
-24.848496
-22.555962
-20.273639
-18.002109
-15.741947
-13.493724
-11.258001
-9.035334
-6.826268
-4.631345
-2.451097
-0.286048
1.863286
3.996395
6.112779
8.211947
10.293413
12.356703
14.401350
16.426896
18.432892
20.418897
22.384480
24.329218
26.252699
28.154518
30.034280
31.891601
33.726105
35.537426
37.325206
39.089100
40.828769
42.543887
44.234136
45.899209
47.538807
49.152643
50.740440
52.301931
53.836856
55.344970
56.826035
58.279824
59.706121
61.104718
62.475419
63.818039
65.132402
66.418342
67.675703
68.904341
70.104121
71.274917
72.416617
73.529115
74.612317
75.666140
76.690509
77.685362
78.650644
79.586312
80.492333
81.368681
82.215345
83.032319
83.819610
84.577233
85.305214
86.003587
86.672396
87.311696
87.921549
88.502029
89.053218
89.575205
90.068092
90.531987
90.967009
91.373284
91.750949
92.100147
92.421031
92.713762
92.978511
93.215455
93.424779
93.606679
93.761356
93.889019
93.989886
94.064182
94.112139
94.133998
94.130004
94.100412
94.045483
93.965484
93.860690
93.731382
93.577846
93.400377
93.199274
92.974843
92.727395
92.457247
92.164723
91.850150
91.513861
91.156196
90.777497
90.378113
89.958397
89.518706
89.059402
88.580850
88.083421
87.567488
87.033429
86.481626
85.912462
85.326325
84.723606
84.104699
83.470000
82.819908
82.154825
81.475154
80.781301
80.073674
79.352683
78.618738
77.872253
77.113641
76.343317
75.561697
74.769199
73.966239
73.153236
72.330607
71.498771
70.658147
69.809153
68.952207
68.087726
67.216127
66.337826
65.453239
64.562779
63.666859
62.765890
61.860283
60.950445
60.036782
59.119700
58.199599
57.276880
56.351941
55.425175
54.496975
53.567731
52.637828
51.707649
50.777575
49.847981
48.919241
47.991724
47.065795
46.141816
45.220144
44.301133
43.385131
42.472483
41.563529
40.658605
39.758042
38.862164
37.971294
37.085747
36.205834
35.331860
34.464125
33.602923
32.748545
31.901272
31.061383
30.229150
29.404838
28.588707
27.781011
26.981999
26.191910
25.410981
24.639441
23.877511
23.125407
22.383340
21.651511
20.930117
20.219347
19.519384
18.830404
18.152575
17.486059
16.831012
16.187583
15.555911
14.936131
14.328370
13.732749
13.149379
12.578368
12.019812
11.473804
10.940428
10.419762
9.911874
9.416828
8.934679
8.465476
8.009260
7.566065
7.135917
6.718837
6.314838
5.923924
5.546095
5.181342
4.829649
4.490994
4.165347
3.852672
3.552925
3.266057
2.992011
2.730722
2.482122
2.246132
2.022669
1.811643
1.612958
1.426510
1.252191
1.089885
0.939470
0.800818
0.673796
0.558263
0.454075
0.361079
0.279118
0.208029
0.147644
0.097788
0.058283
0.028944
0.009582
0.000000
