0.000000
0.015953
0.031901
0.047842
0.063770
0.079682
0.095574
0.111442
0.127281
0.143088
0.158858
0.174588
0.190274
0.205911
0.221495
0.237024
0.252492
0.267895
0.283231
0.298494
0.313682
0.328789
0.343813
0.358750
0.373595
0.388345
0.402996
0.417545
0.431987
0.446320
0.460539
0.474640
0.488621
0.502478
0.516206
0.529804
0.543266
0.556590
0.569773
0.582810
0.595699
0.608437
0.621020
0.633444
0.645708
0.657807
0.669738
0.681500
0.693087
0.704499
0.715731
0.726781
0.737646
0.748323
0.758810
0.769103
0.779201
0.789101
0.798800
0.808295
0.817585
0.826666
0.835538
0.844196
0.852640
0.860867
0.868875
0.876661
0.884225
0.891563
0.898674
0.905557
0.912210
0.918630
0.924816
0.930767
0.936481
0.941957
0.947193
0.952188
0.956940
0.961449
0.965714
0.969732
0.973504
0.977028
0.980304
0.983329
0.986105
0.988630
0.990903
0.992923
0.994692
0.996207
0.997468
0.998476
0.999229
0.999728
0.999973
0.999963
0.999699
0.999180
0.998407
0.997380
0.996099
0.994565
0.992777
0.990737
0.988444
0.985900
0.983105
0.980060
0.976766
0.973223
0.969432
0.965394
0.961111
0.956583
0.951812
0.946799
0.941544
0.936050
0.930318
0.924348
0.918144
0.911706
0.905036
0.898136
0.891006
0.883651
0.876070
0.868266
0.860242
0.851998
0.843538
0.834863
0.825975
0.816878
0.807572
0.798061
0.788346
0.778431
0.768318
0.758010
0.747508
0.736817
0.725937
0.714873
0.703627
0.692202
0.680601
0.668827
0.656882
0.644770
0.632494
0.620057
0.607462
0.594713
0.581812
0.568764
0.555570
0.542235
0.528763
0.515155
0.501416
0.487550
0.473560
0.459449
0.445221
0.430880
0.416429
0.401873
0.387214
0.372456
0.357604
0.342661
0.327630
0.312516
0.297323
0.282054
0.266713
0.251304
0.235831
0.220298
0.204710
0.189069
0.173380
0.157646
0.141873
0.126064
0.110222
0.094353
0.078459
0.062546
0.046616
0.030675
0.014726
-0.001227
-0.017180
-0.033128
-0.049068
-0.064995
-0.080906
-0.096796
-0.112661
-0.128498
-0.144302
-0.160070
-0.175796
-0.191478
-0.207111
-0.222692
-0.238216
-0.253679
-0.269077
-0.284407
-0.299665
-0.314847
-0.329948
-0.344965
-0.359895
-0.374733
-0.389476
-0.404119
-0.418660
-0.433094
-0.447418
-0.461628
-0.475720
-0.489692
-0.503538
-0.517257
-0.530844
-0.544296
-0.557609
-0.570781
-0.583807
-0.596685
-0.609410
-0.621981
-0.634393
-0.646644
-0.658730
-0.670649
-0.682397
-0.693972
-0.705369
-0.716587
-0.727623
-0.738474
-0.749136
-0.759608
-0.769887
-0.779970
-0.789854
-0.799537
-0.809017
-0.818291
-0.827356
-0.836212
-0.844853
-0.853281
-0.861491
-0.869481
-0.877251
-0.884797
-0.892118
-0.899212
-0.906077
-0.912712
-0.919114
-0.925282
-0.931215
-0.936911
-0.942368
-0.947586
-0.952562
-0.957296
-0.961786
-0.966032
-0.970031
-0.973784
-0.977289
-0.980545
-0.983552
-0.986308
-0.988813
-0.991067
-0.993068
-0.994817
-0.996313
-0.997555
-0.998543
-0.999276
-0.999756
-0.999981
-0.999952
-0.999668
-0.999130
-0.998337
-0.997290
-0.995990
-0.994436
-0.992629
-0.990569
-0.988258
-0.985694
-0.982880
-0.979816
-0.976502
-0.972940
-0.969130
-0.965074
-0.960772
-0.956225
-0.951435
-0.946403
-0.941130
-0.935617
-0.929867
-0.923879
-0.917657
-0.911201
-0.904513
-0.897595
-0.890449
-0.883076
-0.875478
-0.867657
-0.859616
-0.851355
-0.842878
-0.834187
-0.825283
-0.816169
-0.806848
-0.797321
-0.787591
-0.777661
-0.767532
-0.757209
-0.746693
-0.735986
-0.725093
-0.714014
-0.702755
-0.691316
-0.679701
-0.667914
-0.655956
-0.643831
-0.631543
-0.619094
-0.606487
-0.593726
-0.580814
-0.567754
-0.554549
-0.541204
-0.527721
-0.514103
-0.500354
-0.486478
-0.472479
-0.458359
-0.444122
-0.429773
-0.415313
-0.400749
-0.386082
-0.371317
-0.356458
-0.341508
-0.326470
-0.311350
-0.296151
-0.280876
-0.265530
-0.250116
-0.234639
-0.219101
-0.203508
-0.187864
-0.172171
-0.156434
-0.140658
-0.124846
-0.109002
-0.093131
-0.077236
-0.061321
-0.045390
-0.029448
-0.013499
0.002454
0.018407
0.034354
0.050293
0.066220
0.082129
0.098017
0.113881
0.129715
0.145516
0.161281
0.177004
0.192682
0.208312
0.223888
0.239407
0.254866
0.270259
0.285584
0.300836
0.316011
0.331106
0.346117
0.361040
0.375871
0.390605
0.405241
0.419774
0.434200
0.448515
0.462716
0.476799
0.490761
0.504598
0.518307
0.531883
0.545325
0.558628
0.571788
0.584803
0.597669
0.610383
0.622941
0.635341
0.647580
0.659653
0.671559
0.683294
0.694855
0.706238
0.717443
0.728464
0.739300
0.749949
0.760406
0.770670
0.780737
0.790606
0.800274
0.809738
0.818996
0.828045
0.836884
0.845509
0.853920
0.862113
0.870087
0.877839
0.885368
0.892672
0.899748
0.906596
0.913212
0.919597
0.925747
0.931662
0.937339
0.942778
0.947977
0.952935
0.957650
0.962121
0.966348
0.970329
0.974062
0.977548
0.980785
0.983773
0.986510
0.988996
0.991230
0.993212
0.994941
0.996417
0.997640
0.998608
0.999322
0.999782
0.999988
0.999939
0.999636
0.999078
0.998266
0.997199
0.995879
0.994306
0.992480
0.990400
0.988069
0.985487
0.982653
0.979570
0.976237
0.972656
0.968827
0.964752
0.960430
0.955865
0.951056
0.946006
0.940714
0.935183
0.929415
0.923409
0.917169
0.910695
0.903989
0.897053
0.889890
0.882499
0.874884
0.867046
0.858988
0.850711
0.842217
0.833509
0.824589
0.815460
0.806122
0.796579
0.786834
0.776888
0.766745
0.756407
0.745876
0.735155
0.724247
0.713155
0.701881
0.690429
0.678801
0.667000
0.655030
0.642892
0.630591
0.618129
0.605511
0.592738
0.579814
0.566743
0.553528
0.540171
0.526678
0.513050
0.499291
0.485406
0.471397
0.457268
0.443022
0.428665
0.414197
0.399624
0.384949
0.370177
0.355311
0.340354
0.325310
0.310184
0.294978
0.279698
0.264347
0.248927
0.233445
0.217904
0.202306
0.186658
0.170962
0.155222
0.139443
0.123628
0.107782
0.091909
0.076012
0.060096
0.044165
0.028221
0.012272
-0.003681
-0.019634
-0.035581
-0.051519
-0.067444
-0.083352
-0.099238
-0.115100
-0.130932
-0.146731
-0.162492
-0.178212
-0.193887
-0.209512
-0.225084
-0.240599
-0.256052
-0.271440
-0.286760
-0.302006
-0.317175
-0.332264
-0.347268
-0.362183
-0.377008
-0.391735
-0.406363
-0.420888
-0.435305
-0.449612
-0.463804
-0.477877
-0.491830
-0.505657
-0.519356
-0.532923
-0.546353
-0.559645
-0.572794
-0.585798
-0.598652
-0.611355
-0.623901
-0.636289
-0.648515
-0.660575
-0.672468
-0.684189
-0.695736
-0.707107
-0.718297
-0.729304
-0.740127
-0.750760
-0.761202
-0.771451
-0.781503
-0.791357
-0.801009
-0.810457
-0.819699
-0.828733
-0.837555
-0.846164
-0.854558
-0.862734
-0.870691
-0.878426
-0.885938
-0.893224
-0.900283
-0.907113
-0.913712
-0.920078
-0.926210
-0.932107
-0.937766
-0.943187
-0.948367
-0.953306
-0.958003
-0.962455
-0.966663
-0.970625
-0.974339
-0.977806
-0.981024
-0.983992
-0.986710
-0.989177
-0.991391
-0.993354
-0.995064
-0.996520
-0.997723
-0.998672
-0.999367
-0.999807
-0.999993
-0.999925
-0.999602
-0.999024
-0.998193
-0.997107
-0.995767
-0.994175
-0.992329
-0.990230
-0.987880
-0.985278
-0.982425
-0.979322
-0.975970
-0.972370
-0.968522
-0.964428
-0.960088
-0.955504
-0.950677
-0.945607
-0.940297
-0.934748
-0.928961
-0.922937
-0.916679
-0.910187
-0.903464
-0.896511
-0.889329
-0.881921
-0.874289
-0.866434
-0.858359
-0.850065
-0.841555
-0.832831
-0.823895
-0.814748
-0.805395
-0.795837
-0.786076
-0.776115
-0.765957
-0.755603
-0.745058
-0.734323
-0.723400
-0.712294
-0.701006
-0.689540
-0.677899
-0.666085
-0.654102
-0.641952
-0.629638
-0.617165
-0.604534
-0.591749
-0.578814
-0.565732
-0.552505
-0.539138
-0.525634
-0.511996
-0.498228
-0.484332
-0.470314
-0.456176
-0.441921
-0.427555
-0.413080
-0.398499
-0.383817
-0.369038
-0.354163
-0.339200
-0.324150
-0.309017
-0.293806
-0.278520
-0.263163
-0.247739
-0.232251
-0.216706
-0.201105
-0.185452
-0.169753
-0.154010
-0.138228
-0.122411
-0.106563
-0.090687
-0.074788
-0.058871
-0.042938
-0.026995
-0.011045
0.004909
0.020860
0.036808
0.052745
0.068668
0.084575
0.100459
0.116318
0.132149
0.147944
0.163702
0.179420
0.195090
0.210711
0.226280
0.241789
0.257238
0.272622
0.287935
0.303176
0.318339
0.333421
0.348419
0.363328
0.378144
0.392864
0.407484
0.422000
0.436410
0.450707
0.464890
0.478955
0.492898
0.506715
0.520404
0.533960
0.547381
0.560662
0.573800
0.586792
0.599635
0.612325
0.624860
0.637235
0.649448
0.661496
0.673375
0.685083
0.696618
0.707974
0.719150
0.730144
0.740951
0.751570
0.761998
0.772231
0.782269
0.792107
0.801743
0.811176
0.820401
0.829418
0.838225
0.846817
0.855195
0.863354
0.871294
0.879012
0.886507
0.893775
0.900817
0.907629
0.914210
0.920558
0.926672
0.932550
0.938191
0.943593
0.948755
0.953676
0.958354
0.962788
0.966977
0.970919
0.974615
0.978063
0.981261
0.984210
0.986909
0.989356
0.991551
0.993494
0.995185
0.996622
0.997805
0.998734
0.999410
0.999831
0.999997
0.999909
0.999566
0.998969
0.998118
0.997013
0.995654
0.994041
0.992176
0.990058
0.987688
0.985067
0.982195
0.979073
0.975702
0.972083
0.968216
0.964103
0.959744
0.955141
0.950295
0.945207
0.939879
0.934312
0.928506
0.922464
0.916188
0.909678
0.902937
0.895966
0.888767
0.881342
0.873692
0.865821
0.857729
0.849418
0.840891
0.832151
0.823198
0.814036
0.804667
0.795093
0.785317
0.775340
0.765167
0.754799
0.744238
0.733489
0.722553
0.711432
0.700131
0.688652
0.676996
0.665169
0.653173
0.641010
0.628684
0.616199
0.603556
0.590760
0.577813
0.564719
0.551482
0.538104
0.524590
0.510942
0.497163
0.483259
0.469231
0.455083
0.440821
0.426446
0.411961
0.397373
0.382684
0.367896
0.353016
0.338045
0.322988
0.307850
0.292632
0.277341
0.261979
0.246549
0.231058
0.215508
0.199902
0.184246
0.168544
0.152797
0.137012
0.121193
0.105342
0.089465
0.073564
0.057646
0.041712
0.025768
0.009817
-0.006136
-0.022088
-0.038034
-0.053970
-0.069893
-0.085797
-0.101680
-0.117538
-0.133364
-0.149157
-0.164913
-0.180626
-0.196294
-0.211911
-0.227474
-0.242981
-0.258424
-0.273802
-0.289110
-0.304345
-0.319502
-0.334577
-0.349570
-0.364471
-0.379280
-0.393992
-0.408604
-0.423112
-0.437514
-0.451803
-0.465977
-0.480032
-0.493965
-0.507773
-0.521452
-0.534998
-0.548407
-0.561677
-0.574804
-0.587786
-0.600617
-0.613295
-0.625817
-0.638180
-0.650380
-0.662416
-0.674283
-0.685977
-0.697497
-0.708840
-0.720002
-0.730982
-0.741775
-0.752379
-0.762792
-0.773010
-0.783033
-0.792855
-0.802476
-0.811892
-0.821102
-0.830103
-0.838894
-0.847470
-0.855830
-0.863973
-0.871895
-0.879596
-0.887074
-0.894325
-0.901349
-0.908143
-0.914706
-0.921037
-0.927133
-0.932993
-0.938615
-0.943999
-0.949142
-0.954045
-0.958704
-0.963119
-0.967288
-0.971212
-0.974889
-0.978317
-0.981497
-0.984427
-0.987106
-0.989534
-0.991710
-0.993634
-0.995304
-0.996722
-0.997886
-0.998795
-0.999451
-0.999852
-0.999999
-0.999892
-0.999529
-0.998913
-0.998042
-0.996917
-0.995539
-0.993907
-0.992022
-0.989885
-0.987496
-0.984855
-0.981964
-0.978823
-0.975433
-0.971794
-0.967908
-0.963776
-0.959399
-0.954777
-0.949913
-0.944806
-0.939459
-0.933873
-0.928050
-0.921990
-0.915696
-0.909168
-0.902409
-0.895421
-0.888204
-0.880762
-0.873095
-0.865206
-0.857097
-0.848770
-0.840227
-0.831470
-0.822501
-0.813323
-0.803938
-0.794349
-0.784557
-0.774566
-0.764376
-0.753993
-0.743419
-0.732655
-0.721704
-0.710569
-0.699254
-0.687761
-0.676093
-0.664253
-0.652244
-0.640067
-0.627729
-0.615232
-0.602577
-0.589770
-0.576812
-0.563706
-0.550458
-0.537070
-0.523545
-0.509887
-0.496097
-0.482183
-0.468147
-0.453991
-0.439719
-0.425336
-0.410842
-0.396246
-0.381549
-0.366755
-0.351868
-0.336891
-0.321826
-0.306682
-0.291459
-0.276162
-0.260795
-0.245359
-0.229863
-0.214309
-0.198700
-0.183040
-0.167334
-0.151584
-0.135796
-0.119974
-0.104122
-0.088243
-0.072342
-0.056420
-0.040486
-0.024541
-0.008591
0.007362
0.023315
0.039260
0.055195
0.071116
0.087019
0.102900
0.118757
0.134581
0.150371
0.166123
0.181833
0.197496
0.213111
0.228670
0.244170
0.259609
0.274981
0.290286
0.305514
0.320665
0.335734
0.350718
0.365612
0.380415
0.395120
0.409724
0.424224
0.438616
0.452896
0.467063
0.481109
0.495032
0.508830
0.522498
0.536035
0.549433
0.562692
0.575808
0.588777
0.601597
0.614264
0.626774
0.639125
0.651312
0.663334
0.675187
0.686870
0.698376
0.709705
0.720853
0.731818
0.742598
0.753187
0.763585
0.773788
0.783795
0.793602
0.803208
0.812609
0.821802
0.830787
0.839560
0.848120
0.856465
0.864590
0.872496
0.880180
0.887639
0.894874
0.901880
0.908656
0.915202
0.921514
0.927592
0.933434
0.939038
0.944403
0.949528
0.954411
0.959052
0.963448
0.967599
0.971504
0.975161
0.978571
0.981731
0.984642
0.987301
0.989710
0.991867
0.993771
0.995422
0.996820
0.997965
0.998855
0.999491
0.999873
1.000000
0.999873
0.999491
0.998855
0.997965
0.996820
0.995422
0.993771
0.991867
0.989710
0.987302
0.984641
0.981731
0.978571
0.975161
0.971504
0.967599
0.963448
0.959052
0.954411
0.949528
0.944403
0.939038
0.933434
0.927592
0.921514
0.915202
0.908657
0.901879
0.894873
0.887640
0.880180
0.872496
0.864591
0.856464
0.848120
0.839561
0.830787
0.821803
0.812608
0.803207
0.793602
0.783795
0.773789
0.763585
0.753186
0.742597
0.731818
0.720854
0.709706
0.698377
0.686869
0.675188
0.663335
0.651313
0.639125
0.626773
0.614263
0.601597
0.588778
0.575809
0.562693
0.549432
0.536034
0.522498
0.508830
0.495033
0.481109
0.467061
0.452896
0.438616
0.424224
0.409725
0.395119
0.380414
0.365613
0.350718
0.335735
0.320665
0.305513
0.290284
0.274982
0.259609
0.244171
0.228670
0.213110
0.197497
0.181833
0.166124
0.150372
0.134580
0.118755
0.102901
0.087020
0.071117
0.055196
0.039259
0.023314
0.007363
-0.008590
-0.024541
-0.040485
-0.056421
-0.072341
-0.088242
-0.104121
-0.119974
-0.135798
-0.151585
-0.167334
-0.183040
-0.198699
-0.214308
-0.229865
-0.245361
-0.260794
-0.276161
-0.291458
-0.306681
-0.321827
-0.336890
-0.351867
-0.366755
-0.381549
-0.396246
-0.410844
-0.425335
-0.439719
-0.453990
-0.468146
-0.482184
-0.496099
-0.509886
-0.523544
-0.537069
-0.550457
-0.563707
-0.576811
-0.589769
-0.602577
-0.615231
-0.627729
-0.640068
-0.652243
-0.664252
-0.676092
-0.687760
-0.699255
-0.710570
-0.721704
-0.732654
-0.743418
-0.753993
-0.764377
-0.774565
-0.784557
-0.794348
-0.803938
-0.813322
-0.822501
-0.831470
-0.840227
-0.848770
-0.857097
-0.865207
-0.873095
-0.880762
-0.888204
-0.895420
-0.902409
-0.909168
-0.915696
-0.921990
-0.928050
-0.933873
-0.939459
-0.944806
-0.949912
-0.954777
-0.959399
-0.963776
-0.967908
-0.971794
-0.975433
-0.978823
-0.981964
-0.984855
-0.987496
-0.989885
-0.992022
-0.993907
-0.995539
-0.996917
-0.998042
-0.998913
-0.999529
-0.999892
-0.999999
-0.999852
-0.999451
-0.998795
-0.997886
-0.996722
-0.995304
-0.993633
-0.991710
-0.989534
-0.987106
-0.984427
-0.981497
-0.978317
-0.974889
-0.971212
-0.967289
-0.963119
-0.958703
-0.954044
-0.949142
-0.943999
-0.938616
-0.932993
-0.927132
-0.921037
-0.914706
-0.908143
-0.901349
-0.894326
-0.887073
-0.879597
-0.871896
-0.863973
-0.855830
-0.847469
-0.838893
-0.830103
-0.821103
-0.811893
-0.802476
-0.792855
-0.783032
-0.773010
-0.762792
-0.752379
-0.741775
-0.730981
-0.720002
-0.708840
-0.697498
-0.685978
-0.674282
-0.662415
-0.650381
-0.638180
-0.625817
-0.613295
-0.600616
-0.587785
-0.574804
-0.561678
-0.548408
-0.534998
-0.521451
-0.507773
-0.493966
-0.480032
-0.465977
-0.451801
-0.437513
-0.423112
-0.408604
-0.393992
-0.379280
-0.364470
-0.349568
-0.334578
-0.319502
-0.304345
-0.289111
-0.273801
-0.258424
-0.242980
-0.227475
-0.211912
-0.196293
-0.180626
-0.164913
-0.149158
-0.133365
-0.117538
-0.101680
-0.085797
-0.069892
-0.053970
-0.038034
-0.022088
-0.006135
0.009818
0.025768
0.041712
0.057645
0.073565
0.089465
0.105342
0.121193
0.137012
0.152796
0.168544
0.184247
0.199902
0.215507
0.231058
0.246549
0.261979
0.277341
0.292632
0.307849
0.322988
0.338046
0.353016
0.367897
0.382683
0.397373
0.411961
0.426446
0.440821
0.455084
0.469231
0.483258
0.497162
0.510942
0.524590
0.538104
0.551482
0.564719
0.577814
0.590760
0.603556
0.616198
0.628684
0.641010
0.653173
0.665170
0.676997
0.688651
0.700130
0.711432
0.722553
0.733489
0.744239
0.754799
0.765167
0.775341
0.785317
0.795093
0.804667
0.814036
0.823198
0.832151
0.840892
0.849418
0.857729
0.865821
0.873692
0.881342
0.888767
0.895966
0.902937
0.909678
0.916188
0.922465
0.928506
0.934311
0.939879
0.945207
0.950295
0.955141
0.959744
0.964103
0.968216
0.972082
0.975702
0.979073
0.982195
0.985067
0.987688
0.990058
0.992176
0.994042
0.995654
0.997013
0.998118
0.998969
0.999566
0.999909
0.999997
0.999831
0.999410
0.998734
0.997805
0.996622
0.995185
0.993495
0.991551
0.989356
0.986908
0.984210
0.981261
0.978063
0.974615
0.970919
0.966976
0.962788
0.958354
0.953676
0.948755
0.943593
0.938191
0.932551
0.926672
0.920558
0.914209
0.907629
0.900817
0.893776
0.886507
0.879012
0.871294
0.863354
0.855195
0.846818
0.838225
0.829418
0.820401
0.811175
0.801743
0.792107
0.782269
0.772231
0.761997
0.751570
0.740951
0.730144
0.719150
0.707974
0.696617
0.685084
0.673376
0.661497
0.649448
0.637235
0.624859
0.612325
0.599635
0.586793
0.573799
0.560661
0.547381
0.533961
0.520405
0.506715
0.492898
0.478955
0.464890
0.450708
0.436410
0.422000
0.407484
0.392864
0.378144
0.363328
0.348420
0.333421
0.318339
0.303176
0.287935
0.272622
0.257237
0.241789
0.226279
0.210712
0.195091
0.179420
0.163702
0.147944
0.132148
0.116319
0.100460
0.084576
0.068668
0.052744
0.036807
0.020861
0.004909
-0.011045
-0.026995
-0.042938
-0.058871
-0.074788
-0.090686
-0.106563
-0.122411
-0.138228
-0.154010
-0.169752
-0.185451
-0.201105
-0.216706
-0.232252
-0.247739
-0.263162
-0.278521
-0.293806
-0.309017
-0.324149
-0.339199
-0.354163
-0.369038
-0.383817
-0.398499
-0.413079
-0.427555
-0.441921
-0.456177
-0.470314
-0.484333
-0.498227
-0.511995
-0.525635
-0.539139
-0.552506
-0.565732
-0.578814
-0.591749
-0.604535
-0.617165
-0.629638
-0.641951
-0.654101
-0.666084
-0.677900
-0.689541
-0.701007
-0.712294
-0.723400
-0.734323
-0.745058
-0.755604
-0.765957
-0.776115
-0.786076
-0.795837
-0.805395
-0.814749
-0.823894
-0.832830
-0.841554
-0.850065
-0.858359
-0.866434
-0.874289
-0.881921
-0.889329
-0.896511
-0.903464
-0.910187
-0.916679
-0.922937
-0.928961
-0.934748
-0.940297
-0.945607
-0.950676
-0.955504
-0.960088
-0.964428
-0.968522
-0.972370
-0.975970
-0.979322
-0.982425
-0.985278
-0.987880
-0.990230
-0.992328
-0.994175
-0.995767
-0.997107
-0.998193
-0.999024
-0.999602
-0.999925
-0.999993
-0.999807
-0.999367
-0.998672
-0.997723
-0.996520
-0.995064
-0.993354
-0.991391
-0.989177
-0.986710
-0.983992
-0.981024
-0.977806
-0.974339
-0.970625
-0.966663
-0.962455
-0.958003
-0.953306
-0.948367
-0.943186
-0.937766
-0.932107
-0.926210
-0.920078
-0.913712
-0.907113
-0.900283
-0.893224
-0.885938
-0.878427
-0.870692
-0.862734
-0.854558
-0.846164
-0.837555
-0.828733
-0.819699
-0.810457
-0.801009
-0.791357
-0.781504
-0.771452
-0.761202
-0.750760
-0.740126
-0.729305
-0.718297
-0.707107
-0.695736
-0.684189
-0.672468
-0.660575
-0.648515
-0.636288
-0.623900
-0.611354
-0.598652
-0.585798
-0.572795
-0.559644
-0.546353
-0.532922
-0.519356
-0.505658
-0.491831
-0.477877
-0.463803
-0.449611
-0.435305
-0.420888
-0.406362
-0.391734
-0.377007
-0.362184
-0.347269
-0.332265
-0.317175
-0.302005
-0.286760
-0.271441
-0.256053
-0.240599
-0.225083
-0.209512
-0.193887
-0.178212
-0.162492
-0.146730
-0.130931
-0.115099
-0.099238
-0.083352
-0.067445
-0.051518
-0.035580
-0.019634
-0.003682
0.012271
0.028221
0.044165
0.060096
0.076012
0.091909
0.107782
0.123629
0.139444
0.155223
0.170962
0.186658
0.202306
0.217905
0.233446
0.248928
0.264346
0.279698
0.294978
0.310185
0.325311
0.340354
0.355311
0.370177
0.384951
0.399625
0.414197
0.428664
0.443022
0.457267
0.471397
0.485406
0.499291
0.513050
0.526677
0.540171
0.553528
0.566744
0.579815
0.592738
0.605511
0.618129
0.630590
0.642891
0.655031
0.667001
0.678802
0.690429
0.701882
0.713155
0.724247
0.735155
0.745875
0.756406
0.766744
0.776887
0.786835
0.796580
0.806123
0.815460
0.824589
0.833509
0.842217
0.850710
0.858987
0.867046
0.874883
0.882500
0.889890
0.897054
0.903990
0.910695
0.917169
0.923409
0.929414
0.935183
0.940714
0.946005
0.951057
0.955866
0.960431
0.964752
0.968827
0.972656
0.976237
0.979570
0.982653
0.985487
0.988069
0.990400
0.992480
0.994306
0.995880
0.997199
0.998266
0.999078
0.999636
0.999939
0.999988
0.999782
0.999322
0.998608
0.997639
0.996417
0.994941
0.993212
0.991230
0.988996
0.986510
0.983773
0.980786
0.977549
0.974062
0.970328
0.966348
0.962121
0.957650
0.952935
0.947977
0.942778
0.937339
0.931662
0.925747
0.919597
0.913212
0.906595
0.899748
0.892672
0.885368
0.877839
0.870087
0.862114
0.853921
0.845510
0.836885
0.828044
0.818995
0.809737
0.800273
0.790606
0.780737
0.770670
0.760406
0.749949
0.739302
0.728465
0.717441
0.706237
0.694854
0.683293
0.671559
0.659653
0.647580
0.635342
0.622942
0.610384
0.597670
0.584804
0.571787
0.558626
0.545324
0.531883
0.518307
0.504598
0.490761
0.476800
0.462717
0.448516
0.434201
0.419772
0.405240
0.390605
0.375870
0.361039
0.346117
0.331107
0.316012
0.300837
0.285585
0.270261
0.254864
0.239406
0.223887
0.208311
0.192682
0.177004
0.161281
0.145517
0.129716
0.113882
0.098019
0.082131
0.066218
0.050292
0.034353
0.018406
0.002454
-0.013499
-0.029448
-0.045390
-0.061320
-0.077234
-0.093129
-0.109004
-0.124848
-0.140659
-0.156435
-0.172171
-0.187864
-0.203508
-0.219101
-0.234638
-0.250115
-0.265528
-0.280874
-0.296152
-0.311351
-0.326471
-0.341508
-0.356458
-0.371317
-0.386082
-0.400748
-0.415313
-0.429771
-0.444121
-0.458360
-0.472480
-0.486479
-0.500355
-0.514103
-0.527720
-0.541204
-0.554549
-0.567753
-0.580813
-0.593725
-0.606489
-0.619095
-0.631544
-0.643832
-0.655956
-0.667914
-0.679701
-0.691316
-0.702754
-0.714014
-0.725092
-0.735985
-0.746694
-0.757210
-0.767533
-0.777661
-0.787591
-0.797321
-0.806847
-0.816169
-0.825282
-0.834186
-0.842877
-0.851356
-0.859616
-0.867658
-0.875478
-0.883076
-0.890449
-0.897595
-0.904513
-0.911201
-0.917657
-0.923879
-0.929868
-0.935618
-0.941130
-0.946403
-0.951435
-0.956225
-0.960772
-0.965074
-0.969130
-0.972940
-0.976502
-0.979815
-0.982880
-0.985694
-0.988258
-0.990569
-0.992629
-0.994436
-0.995990
-0.997290
-0.998337
-0.999130
-0.999668
-0.999952
-0.999981
-0.999756
-0.999276
-0.998543
-0.997555
-0.996313
-0.994817
-0.993069
-0.991067
-0.988814
-0.986308
-0.983552
-0.980545
-0.977289
-0.973784
-0.970031
-0.966032
-0.961786
-0.957296
-0.952562
-0.947586
-0.942369
-0.936910
-0.931214
-0.925282
-0.919114
-0.912712
-0.906077
-0.899212
-0.892118
-0.884798
-0.877252
-0.869482
-0.861490
-0.853280
-0.844853
-0.836211
-0.827356
-0.818291
-0.809017
-0.799538
-0.789855
-0.779971
-0.769888
-0.759607
-0.749135
-0.738473
-0.727623
-0.716587
-0.705369
-0.693972
-0.682398
-0.670650
-0.658731
-0.646645
-0.634395
-0.621980
-0.609409
-0.596684
-0.583806
-0.570781
-0.557609
-0.544296
-0.530845
-0.517258
-0.503540
-0.489693
-0.475719
-0.461626
-0.447417
-0.433093
-0.418659
-0.404119
-0.389476
-0.374734
-0.359896
-0.344967
-0.329950
-0.314845
-0.299664
-0.284406
-0.269077
-0.253678
-0.238215
-0.222692
-0.207112
-0.191479
-0.175797
-0.160071
-0.144304
-0.128496
-0.112660
-0.096795
-0.080905
-0.064995
-0.049068
-0.033128
-0.017180
-0.001228
0.014724
0.030673
0.046618
0.062547
0.078460
0.094353
0.110223
0.126064
0.141873
0.157646
0.173379
0.189067
0.204708
0.220300
0.235833
0.251305
0.266714
0.282054
0.297323
0.312516
0.327630
0.342660
0.357603
0.372455
0.387212
0.401874
0.416431
0.430881
0.445222
0.459449
0.473560
0.487550
0.501416
0.515154
0.528761
0.542234
0.555572
0.568765
0.581813
0.594714
0.607463
0.620057
0.632494
0.644770
0.656881
0.668826
0.680600
0.692204
0.703628
0.714874
0.725938
0.736817
0.747508
0.758010
0.768318
0.778431
0.788346
0.798060
0.807571
0.816879
0.825976
0.834863
0.843538
0.851999
0.860242
0.868266
0.876070
0.883650
0.891006
0.898135
0.905037
0.911707
0.918145
0.924349
0.930318
0.936050
0.941544
0.946798
0.951812
0.956583
0.961111
0.965395
0.969432
0.973223
0.976766
0.980061
0.983106
0.985900
0.988444
0.990737
0.992777
0.994564
0.996099
0.997380
0.998407
0.999180
0.999699
0.999963
0.999973
0.999728
0.999229
0.998476
0.997468
0.996207
0.994691
0.992923
0.990902
0.988630
0.986105
0.983329
0.980304
0.977028
0.973504
0.969733
0.965714
0.961449
0.956940
0.952187
0.947192
0.941957
0.936481
0.930767
0.924816
0.918630
0.912210
0.905558
0.898675
0.891562
0.884224
0.876661
0.868874
0.860867
0.852640
0.844197
0.835538
0.826667
0.817586
0.808296
0.798799
0.789100
0.779201
0.769103
0.758809
0.748323
0.737646
0.726781
0.715731
0.704500
0.693088
0.681501
0.669737
0.657806
0.645707
0.633444
0.621019
0.608437
0.595700
0.582811
0.569774
0.556591
0.543268
0.529802
0.516205
0.502477
0.488621
0.474640
0.460539
0.446320
0.431988
0.417546
0.402997
0.388347
0.373593
0.358748
0.343812
0.328789
0.313681
0.298494
0.283231
0.267896
0.252492
0.237025
0.221497
0.205912
0.190272
0.174587
0.158857
0.143087
0.127281
0.111442
0.095575
0.079683
0.063771
0.047843
0.031903
0.015951
-0.000001
-0.015954
-0.031902
-0.047842
-0.063770
-0.079682
-0.095574
-0.111441
-0.127280
-0.143086
-0.158860
-0.174590
-0.190275
-0.205911
-0.221496
-0.237024
-0.252491
-0.267895
-0.283230
-0.298493
-0.313680
-0.328788
-0.343815
-0.358751
-0.373596
-0.388346
-0.402997
-0.417545
-0.431987
-0.446319
-0.460538
-0.474639
-0.488620
-0.502479
-0.516208
-0.529805
-0.543267
-0.556590
-0.569773
-0.582810
-0.595699
-0.608436
-0.621019
-0.633443
-0.645709
-0.657808
-0.669739
-0.681500
-0.693088
-0.704499
-0.715731
-0.726780
-0.737645
-0.748322
-0.758809
-0.769102
-0.779202
-0.789102
-0.798800
-0.808295
-0.817585
-0.826666
-0.835538
-0.844196
-0.852640
-0.860866
-0.868874
-0.876662
-0.884225
-0.891563
-0.898675
-0.905557
-0.912210
-0.918630
-0.924816
-0.930767
-0.936481
-0.941956
-0.947193
-0.952188
-0.956941
-0.961450
-0.965714
-0.969732
-0.973504
-0.977028
-0.980303
-0.983329
-0.986105
-0.988629
-0.990903
-0.992924
-0.994692
-0.996207
-0.997468
-0.998476
-0.999229
-0.999728
-0.999973
-0.999963
-0.999699
-0.999180
-0.998407
-0.997380
-0.996099
-0.994565
-0.992777
-0.990737
-0.988444
-0.985901
-0.983106
-0.980061
-0.976765
-0.973222
-0.969432
-0.965394
-0.961111
-0.956583
-0.951812
-0.946799
-0.941544
-0.936050
-0.930318
-0.924349
-0.918143
-0.911705
-0.905036
-0.898135
-0.891006
-0.883651
-0.876070
-0.868267
-0.860242
-0.851999
-0.843539
-0.834862
-0.825975
-0.816877
-0.807571
-0.798060
-0.788346
-0.778432
-0.768319
-0.758010
-0.747509
-0.736818
-0.725936
-0.714872
-0.703626
-0.692202
-0.680601
-0.668826
-0.656882
-0.644770
-0.632495
-0.620058
-0.607464
-0.594715
-0.581811
-0.568763
-0.555569
-0.542235
-0.528762
-0.515155
-0.501417
-0.487551
-0.473561
-0.459450
-0.445223
-0.430879
-0.416428
-0.401872
-0.387213
-0.372456
-0.357604
-0.342661
-0.327631
-0.312517
-0.297324
-0.282055
-0.266711
-0.251302
-0.235830
-0.220298
-0.204709
-0.189068
-0.173380
-0.157647
-0.141874
-0.126065
-0.110224
-0.094354
-0.078457
-0.062544
-0.046615
-0.030674
-0.014725
0.001227
0.017179
0.033127
0.049067
0.064994
0.080904
0.096798
0.112663
0.128499
0.144303
0.160070
0.175796
0.191478
0.207111
0.222691
0.238214
0.253677
0.269079
0.284409
0.299666
0.314848
0.329949
0.344966
0.359895
0.374733
0.389475
0.404118
0.418658
0.433092
0.447419
0.461629
0.475721
0.489692
0.503539
0.517257
0.530844
0.544295
0.557608
0.570780
0.583806
0.596686
0.609411
0.621982
0.634394
0.646645
0.658731
0.670649
0.682397
0.693971
0.705368
0.716586
0.727622
0.738475
0.749137
0.759609
0.769887
0.779970
0.789854
0.799537
0.809017
0.818290
0.827356
0.836210
0.844854
0.853281
0.861491
0.869482
0.877251
0.884797
0.892118
0.899212
0.906077
0.912711
0.919113
0.925283
0.931215
0.936911
0.942368
0.947586
0.952562
0.957296
0.961786
0.966031
0.970031
0.973784
0.977289
0.980545
0.983552
0.986308
0.988813
0.991067
0.993068
0.994817
0.996313
0.997554
0.998542
0.999276
0.999756
0.999981
0.999952
0.999668
0.999130
0.998337
0.997290
0.995990
0.994436
0.992629
0.990570
0.988257
0.985694
0.982880
0.979816
0.976502
0.972940
0.969130
0.965074
0.960772
0.956225
0.951436
0.946404
0.941129
0.935617
0.929866
0.923879
0.917657
0.911201
0.904513
0.897596
0.890449
0.883076
0.875479
0.867656
0.859615
0.851355
0.842878
0.834187
0.825283
0.816169
0.806848
0.797321
0.787592
0.777662
0.767531
0.757208
0.746692
0.735986
0.725092
0.714014
0.702755
0.691316
0.679702
0.667915
0.655957
0.643833
0.631542
0.619093
0.606486
0.593726
0.580814
0.567754
0.554550
0.541204
0.527721
0.514104
0.500356
0.486477
0.472477
0.458358
0.444122
0.429772
0.415313
0.400749
0.386083
0.371318
0.356459
0.341509
0.326469
0.311349
0.296150
0.280875
0.265529
0.250116
0.234639
0.219102
0.203509
0.187865
0.172172
0.156436
0.140657
0.124845
0.109001
0.093130
0.077235
0.061321
0.045391
0.029449
0.013500
-0.002453
-0.018405
-0.034356
-0.050295
-0.066221
-0.082129
-0.098018
-0.113881
-0.129715
-0.145516
-0.161280
-0.177003
-0.192681
-0.208314
-0.223890
-0.239408
-0.254866
-0.270260
-0.285584
-0.300836
-0.316011
-0.331106
-0.346116
-0.361038
-0.375869
-0.390607
-0.405243
-0.419775
-0.434200
-0.448515
-0.462716
-0.476799
-0.490761
-0.504597
-0.518306
-0.531882
-0.545326
-0.558629
-0.571789
-0.584803
-0.597669
-0.610383
-0.622941
-0.635341
-0.647579
-0.659652
-0.671558
-0.683295
-0.694856
-0.706239
-0.717443
-0.728465
-0.739301
-0.749949
-0.760406
-0.770669
-0.780737
-0.790605
-0.800273
-0.809739
-0.818996
-0.828046
-0.836884
-0.845510
-0.853920
-0.862113
-0.870087
-0.877839
-0.885368
-0.892671
-0.899749
-0.906596
-0.913213
-0.919597
-0.925747
-0.931662
-0.937339
-0.942778
-0.947977
-0.952934
-0.957649
-0.962122
-0.966348
-0.970329
-0.974063
-0.977548
-0.980785
-0.983773
-0.986510
-0.988996
-0.991230
-0.993212
-0.994941
-0.996417
-0.997640
-0.998608
-0.999322
-0.999782
-0.999988
-0.999939
-0.999636
-0.999078
-0.998266
-0.997200
-0.995879
-0.994306
-0.992479
-0.990400
-0.988069
-0.985487
-0.982653
-0.979570
-0.976237
-0.972656
-0.968827
-0.964751
-0.960430
-0.955865
-0.951056
-0.946006
-0.940714
-0.935184
-0.929415
-0.923410
-0.917169
-0.910696
-0.903990
-0.897053
-0.889889
-0.882499
-0.874884
-0.867046
-0.858988
-0.850711
-0.842218
-0.833510
-0.824590
-0.815460
-0.806121
-0.796579
-0.786833
-0.776888
-0.766745
-0.756407
-0.745876
-0.735155
-0.724248
-0.713156
-0.701882
-0.690430
-0.678800
-0.666999
-0.655029
-0.642892
-0.630591
-0.618130
-0.605511
-0.592739
-0.579815
-0.566745
-0.553529
-0.540170
-0.526676
-0.513049
-0.499291
-0.485406
-0.471397
-0.457268
-0.443023
-0.428665
-0.414198
-0.399626
-0.384948
-0.370176
-0.355310
-0.340353
-0.325310
-0.310184
-0.294979
-0.279699
-0.264347
-0.248929
-0.233447
-0.217906
-0.202305
-0.186657
-0.170961
-0.155222
-0.139443
-0.123629
-0.107783
-0.091910
-0.076013
-0.060097
-0.044166
-0.028220
-0.012270
0.003683
0.019634
0.035581
0.051519
0.067444
0.083351
0.099237
0.115098
0.130930
0.146732
0.162493
0.178213
0.193887
0.209512
0.225084
0.240598
0.256052
0.271440
0.286759
0.302004
0.317174
0.332266
0.347269
0.362185
0.377008
0.391735
0.406363
0.420887
0.435304
0.449610
0.463802
0.477876
0.491832
0.505659
0.519357
0.532923
0.546354
0.559645
0.572794
0.585797
0.598652
0.611353
0.623900
0.636290
0.648516
0.660576
0.672468
0.684190
0.695737
0.707107
0.718297
0.729304
0.740126
0.750759
0.761201
0.771452
0.781504
0.791358
0.801009
0.810457
0.819699
0.828732
0.837554
0.846164
0.854557
0.862733
0.870692
0.878427
0.885939
0.893225
0.900283
0.907113
0.913712
0.920078
0.926210
0.932106
0.937765
0.943187
0.948367
0.953306
0.958003
0.962455
0.966663
0.970625
0.974339
0.977806
0.981024
0.983992
0.986710
0.989177
0.991392
0.993354
0.995064
0.996520
0.997723
0.998672
0.999367
0.999807
0.999993
0.999925
0.999602
0.999024
0.998193
0.997107
0.995767
0.994174
0.992329
0.990230
0.987880
0.985278
0.982425
0.979322
0.975970
0.972370
0.968522
0.964428
0.960088
0.955504
0.950677
0.945608
0.940298
0.934749
0.928962
0.922937
0.916679
0.910187
0.903464
0.896510
0.889329
0.881921
0.874289
0.866435
0.858360
0.850066
0.841554
0.832830
0.823894
0.814748
0.805395
0.795837
0.786076
0.776116
0.765957
0.755604
0.745059
0.734321
0.723399
0.712293
0.701006
0.689540
0.677899
0.666085
0.654102
0.641952
0.629639
0.617166
0.604535
0.591748
0.578813
0.565731
0.552505
0.539138
0.525634
0.511996
0.498228
0.484333
0.470315
0.456178
0.441920
0.427554
0.413079
0.398498
0.383817
0.369037
0.354164
0.339200
0.324151
0.309018
0.293807
0.278518
0.263161
0.247738
0.232251
0.216705
0.201104
0.185452
0.169753
0.154011
0.138229
0.122412
0.106564
0.090685
0.074787
0.058870
0.042938
0.026994
0.011044
-0.004908
-0.020860
-0.036806
-0.052743
-0.068667
-0.084576
-0.100461
-0.116320
-0.132149
-0.147945
-0.163703
-0.179419
-0.195090
-0.210711
-0.226278
-0.241788
-0.257240
-0.272623
-0.287936
-0.303176
-0.318339
-0.333421
-0.348419
-0.363327
-0.378143
-0.392863
-0.407483
-0.421999
-0.436411
-0.450708
-0.464891
-0.478956
-0.492898
-0.506716
-0.520404
-0.533960
-0.547380
-0.560660
-0.573798
-0.586793
-0.599636
-0.612326
-0.624860
-0.637235
-0.649448
-0.661496
-0.673375
-0.685083
-0.696617
-0.707973
-0.719152
-0.730145
-0.740952
-0.751571
-0.761998
-0.772232
-0.782268
-0.792106
-0.801743
-0.811175
-0.820401
-0.829418
-0.838226
-0.846818
-0.855195
-0.863355
-0.871294
-0.879012
-0.886506
-0.893775
-0.900816
-0.907628
-0.914209
-0.920559
-0.926673
-0.932551
-0.938192
-0.943594
-0.948755
-0.953676
-0.958354
-0.962787
-0.966976
-0.970919
-0.974614
-0.978063
-0.981261
-0.984210
-0.986909
-0.989356
-0.991551
-0.993494
-0.995185
-0.996622
-0.997805
-0.998734
-0.999410
-0.999831
-0.999997
-0.999909
-0.999566
-0.998969
-0.998118
-0.997013
-0.995654
-0.994042
-0.992176
-0.990058
-0.987688
-0.985067
-0.982195
-0.979073
-0.975702
-0.972083
-0.968216
-0.964103
-0.959744
-0.955142
-0.950296
-0.945207
-0.939879
-0.934311
-0.928506
-0.922464
-0.916188
-0.909679
-0.902938
-0.895967
-0.888768
-0.881343
-0.873692
-0.865820
-0.857728
-0.849418
-0.840891
-0.832151
-0.823198
-0.814037
-0.804668
-0.795094
-0.785318
-0.775340
-0.765166
-0.754798
-0.744238
-0.733489
-0.722552
-0.711432
-0.700131
-0.688652
-0.676997
-0.665170
-0.653174
-0.641009
-0.628683
-0.616198
-0.603555
-0.590760
-0.577813
-0.564720
-0.551483
-0.538105
-0.524591
-0.510943
-0.497162
-0.483257
-0.469230
-0.455083
-0.440820
-0.426445
-0.411962
-0.397374
-0.382684
-0.367898
-0.353017
-0.338043
-0.322987
-0.307849
-0.292632
-0.277340
-0.261978
-0.246550
-0.231059
-0.215508
-0.199904
-0.184248
-0.168545
-0.152796
-0.137011
-0.121192
-0.105341
-0.089464
-0.073565
-0.057646
-0.041713
-0.025769
-0.009819
0.006134
0.022089
0.038035
0.053971
0.069893
0.085798
0.101680
0.117537
0.133364
0.149157
0.164912
0.180625
0.196296
0.211913
0.227476
0.242981
0.258424
0.273802
0.289110
0.304344
0.319501
0.334577
0.349567
0.364469
0.379281
0.393993
0.408605
0.423113
0.437513
0.451802
0.465976
0.480031
0.493965
0.507772
0.521450
0.534999
0.548408
0.561678
0.574805
0.587786
0.600617
0.613295
0.625817
0.638179
0.650380
0.662415
0.674284
0.685978
0.697498
0.708841
0.720003
0.730982
0.741775
0.752379
0.762791
0.773010
0.783031
0.792854
0.802477
0.811893
0.821103
0.830104
0.838893
0.847470
0.855830
0.863972
0.871895
0.879596
0.887073
0.894326
0.901349
0.908144
0.914707
0.921037
0.927133
0.932993
0.938615
0.943999
0.949142
0.954044
0.958704
0.963119
0.967289
0.971213
0.974889
0.978317
0.981497
0.984426
0.987106
0.989533
0.991710
0.993633
0.995304
0.996722
0.997886
0.998796
0.999451
0.999852
0.999999
0.999892
0.999529
0.998913
0.998042
0.996917
0.995539
0.993907
0.992022
0.989885
0.987496
0.984855
0.981964
0.978823
0.975433
0.971794
0.967908
0.963776
0.959398
0.954777
0.949912
0.944806
0.939459
0.933873
0.928050
0.921990
0.915696
0.909169
0.902408
0.895420
0.888204
0.880761
0.873095
0.865206
0.857097
0.848770
0.840227
0.831470
0.822502
0.813322
0.803937
0.794348
0.784556
0.774565
0.764377
0.753994
0.743419
0.732655
0.721704
0.710570
0.699253
0.687760
0.676092
0.664252
0.652243
0.640068
0.627730
0.615232
0.602578
0.589770
0.576812
0.563708
0.550457
0.537068
0.523544
0.509886
0.496098
0.482184
0.468147
0.453991
0.439720
0.425336
0.410845
0.396245
0.381548
0.366754
0.351866
0.336889
0.321827
0.306682
0.291459
0.276162
0.260795
0.245362
0.229866
0.214308
0.198699
0.183039
0.167333
0.151584
0.135797
0.119975
0.104122
0.088243
0.072342
0.056422
0.040484
0.024540
0.008589
-0.007364
-0.023315
-0.039260
-0.055195
-0.071116
-0.087019
-0.102900
-0.118754
-0.134583
-0.150373
-0.166124
-0.181834
-0.197497
-0.213110
-0.228669
-0.244170
-0.259608
-0.274981
-0.290283
-0.305512
-0.320666
-0.335735
-0.350719
-0.365614
-0.380415
-0.395120
-0.409724
-0.424223
-0.438615
-0.452895
-0.467060
-0.481110
-0.495033
-0.508831
-0.522499
-0.536034
-0.549433
-0.562692
-0.575808
-0.588777
-0.601596
-0.614262
-0.626775
-0.639126
-0.651313
-0.663335
-0.675188
-0.686870
-0.698376
-0.709705
-0.720853
-0.731818
-0.742596
-0.753186
-0.763586
-0.773789
-0.783796
-0.793603
-0.803208
-0.812608
-0.821802
-0.830787
-0.839560
-0.848120
-0.856463
-0.864591
-0.872497
-0.880180
-0.887640
-0.894874
-0.901880
-0.908656
-0.915201
-0.921514
-0.927591
-0.933433
-0.939039
-0.944404
-0.949529
-0.954412
-0.959052
-0.963448
-0.967599
-0.971504
-0.975161
-0.978571
-0.981731
-0.984641
-0.987302
-0.989710
-0.991867
-0.993771
-0.995422
-0.996820
-0.997965
-0.998855
-0.999491
-0.999873
-1.000000
-0.999873
-0.999491
-0.998855
-0.997965
-0.996820
-0.995422
-0.993771
-0.991867
-0.989710
-0.987302
-0.984642
-0.981731
-0.978570
-0.975161
-0.971504
-0.967599
-0.963448
-0.959052
-0.954412
-0.949528
-0.944404
-0.939039
-0.933434
-0.927591
-0.921514
-0.915201
-0.908656
-0.901880
-0.894874
-0.887640
-0.880180
-0.872497
-0.864591
-0.856465
-0.848119
-0.839560
-0.830787
-0.821802
-0.812608
-0.803208
-0.793602
-0.783795
-0.773789
-0.763586
-0.753188
-0.742596
-0.731817
-0.720853
-0.709705
-0.698376
-0.686869
-0.675188
-0.663335
-0.651313
-0.639125
-0.626775
-0.614265
-0.601596
-0.588777
-0.575807
-0.562692
-0.549433
-0.536034
-0.522499
-0.508831
-0.495033
-0.481110
-0.467063
-0.452895
-0.438615
-0.424223
-0.409723
-0.395119
-0.380415
-0.365613
-0.350719
-0.335735
-0.320666
-0.305515
-0.290283
-0.274980
-0.259608
-0.244170
-0.228669
-0.213110
-0.197497
-0.181834
-0.166124
-0.150372
-0.134582
-0.118758
-0.102899
-0.087019
-0.071116
-0.055195
-0.039260
-0.023314
-0.007363
0.008589
0.024540
0.040485
0.056419
0.072342
0.088244
0.104123
0.119975
0.135797
0.151584
0.167333
0.183039
0.198699
0.214308
0.229862
0.245362
0.260796
0.276163
0.291460
0.306682
0.321827
0.336890
0.351867
0.366754
0.381548
0.396245
0.410842
0.425337
0.439720
0.453991
0.468147
0.482184
0.496098
0.509886
0.523544
0.537069
0.550457
0.563705
0.576813
0.589770
0.602578
0.615232
0.627730
0.640068
0.652243
0.664252
0.676092
0.687760
0.699253
0.710571
0.721705
0.732655
0.743419
0.753994
0.764377
0.774565
0.784556
0.794348
0.803937
0.813322
0.822500
0.831471
0.840227
0.848770
0.857097
0.865206
0.873095
0.880761
0.888204
0.895420
0.902409
0.909167
0.915696
0.921990
0.928050
0.933874
0.939459
0.944806
0.949912
0.954777
0.959398
0.963776
0.967908
0.971794
0.975432
0.978822
0.981963
0.984855
0.987495
0.989885
0.992023
0.993907
0.995539
0.996918
0.998042
0.998913
0.999529
0.999892
0.999999
0.999852
0.999451
0.998795
0.997886
0.996722
0.995304
0.993634
0.991710
0.989534
0.987106
0.984427
0.981498
0.978318
0.974888
0.971211
0.967288
0.963118
0.958703
0.954044
0.949142
0.943999
0.938615
0.932993
0.927133
0.921037
0.914707
0.908144
0.901349
0.894326
0.887075
0.879598
0.871897
0.863974
0.855832
0.847471
0.838895
0.830102
0.821101
0.811891
0.802474
0.792854
0.783031
0.773010
0.762791
0.752378
0.741774
0.730982
0.720003
0.708841
0.697498
0.685978
0.674283
0.662417
0.650382
0.638182
0.625819
0.613297
0.600619
